{
 "cells": [
  {
   "cell_type": "code",
   "execution_count": 7,
   "metadata": {
    "collapsed": true
   },
   "outputs": [],
   "source": [
    "%matplotlib inline\n",
    "import numpy as np\n",
    "import pandas as pd\n",
    "from mpl_toolkits.mplot3d import Axes3D\n",
    "import matplotlib.pyplot as plt\n",
    "from random import sample\n"
   ]
  },
  {
   "cell_type": "code",
   "execution_count": 8,
   "metadata": {
    "collapsed": true
   },
   "outputs": [],
   "source": [
    "def readCsv(fileName):\n",
    "    fullFileName = r'C:\\Users\\Owner\\McGill\\4thYear\\COMP551\\Assignments\\Assignment2\\Datasets\\DS' + fileName\n",
    "    df = pd.read_csv(fullFileName, encoding='utf-8', header = None,\n",
    "                 comment='#', sep=',')\n",
    "    \n",
    "    return df"
   ]
  },
  {
   "cell_type": "code",
   "execution_count": 9,
   "metadata": {
    "collapsed": true
   },
   "outputs": [],
   "source": [
    "def createData():\n",
    "    df = readCsv('1_Cov.csv')\n",
    "    meanPositive = readCsv('1_m_1.csv').dropna(axis=1, how='all').as_matrix()\n",
    "    meanNegative = readCsv('1_m_0.csv').dropna(axis=1, how='all').as_matrix()\n",
    "    meanPositive = meanPositive[0,:]\n",
    "    meanNegative = meanNegative[0,:]\n",
    "    \n",
    "    cov = df.dropna(axis=1, how='all').as_matrix()\n",
    "    \n",
    "    distributionPositive = np.random.multivariate_normal(meanPositive, cov, 2000)\n",
    "    distributionNegative = np.random.multivariate_normal(meanNegative, cov, 2000)\n",
    "    \n",
    "    distributionPositive = np.c_[distributionPositive, np.ones(distributionPositive.shape[0])]\n",
    "    distributionNegative = np.c_[distributionNegative, np.zeros(distributionNegative.shape[0])]\n",
    "#     print('Positive', distributionPositive)\n",
    "#     print('Negative', distributionNegative)\n",
    "    distribution = np.concatenate((distributionPositive, distributionNegative), axis=0)\n",
    "    np.random.shuffle(distribution)\n",
    "    distributionTest = distribution[0:1200]\n",
    "    distributionTrain = distribution[1200:] \n",
    "    print(distribution)\n",
    "    print(distributionTest)\n",
    "    print(distributionTrain)\n",
    "    print('original', distribution.shape)\n",
    "    print('train', distributionTrain.shape)\n",
    "    print('test', distributionTest.shape)\n",
    "    return (distribution, distributionTest, distributionTrain)\n"
   ]
  },
  {
   "cell_type": "code",
   "execution_count": 10,
   "metadata": {
    "collapsed": true
   },
   "outputs": [],
   "source": [
    "def toCsv(fileName, npArray):\n",
    "    \n",
    "    fullFileName = r'C:\\Users\\Owner\\McGill\\4thYear\\COMP551\\Assignments\\Assignment2\\Datasets\\DS' + fileName\n",
    "    np.savetxt(fullFileName, npArray, delimiter=',')\n"
   ]
  },
  {
   "cell_type": "code",
   "execution_count": 11,
   "metadata": {},
   "outputs": [
    {
     "name": "stdout",
     "output_type": "stream",
     "text": [
      "[[ 0.34202437  1.35147519  2.52792192 ...,  1.07567635 -2.23509516  0.        ]\n",
      " [ 2.27473906  0.72331772  2.55903595 ..., -0.32376621  0.98610758  0.        ]\n",
      " [ 6.95724059  5.88878613  4.8385471  ...,  2.88931056  3.85766229  0.        ]\n",
      " ..., \n",
      " [ 2.64886532  2.46943597  1.72987447 ...,  4.30558941  3.64403896  0.        ]\n",
      " [ 2.51985751  1.39122851  1.11322351 ...,  0.13196815  2.28450757  1.        ]\n",
      " [-1.88003678 -0.35812245 -2.13434339 ..., -1.15754924  2.11947785  1.        ]]\n",
      "[[ 0.34202437  1.35147519  2.52792192 ...,  1.07567635 -2.23509516  0.        ]\n",
      " [ 2.27473906  0.72331772  2.55903595 ..., -0.32376621  0.98610758  0.        ]\n",
      " [ 6.95724059  5.88878613  4.8385471  ...,  2.88931056  3.85766229  0.        ]\n",
      " ..., \n",
      " [ 0.22473106 -0.26968278  2.15060049 ...,  1.85207128 -1.38497024  1.        ]\n",
      " [ 1.76623179  4.0809592   3.7035515  ...,  2.83982552  2.94995842  0.        ]\n",
      " [ 1.06299512 -0.13768842  2.46645962 ...,  0.38812707 -0.52804695  0.        ]]\n",
      "[[-0.08914377  1.13471938  1.29142313 ...,  0.8753283   0.99120692  1.        ]\n",
      " [ 3.76201602  2.29470164  1.13524659 ...,  3.60176583  4.41664019  0.        ]\n",
      " [ 1.30951979  0.74812762  1.87352446 ..., -0.55318021  2.72741004  1.        ]\n",
      " ..., \n",
      " [ 2.64886532  2.46943597  1.72987447 ...,  4.30558941  3.64403896  0.        ]\n",
      " [ 2.51985751  1.39122851  1.11322351 ...,  0.13196815  2.28450757  1.        ]\n",
      " [-1.88003678 -0.35812245 -2.13434339 ..., -1.15754924  2.11947785  1.        ]]\n",
      "original (4000, 21)\n",
      "train (2800, 21)\n",
      "test (1200, 21)\n"
     ]
    }
   ],
   "source": [
    "def initializeDS1():\n",
    "    fullDistribution, distributionTest, distributionTrain = createData()\n",
    "    toCsv('1_train.csv', distributionTrain)\n",
    "    toCsv('1_test.csv', distributionTest)\n",
    "    toCsv('1.csv', fullDistribution)\n",
    "initializeDS1()\n"
   ]
  },
  {
   "cell_type": "code",
   "execution_count": 12,
   "metadata": {
    "collapsed": true
   },
   "outputs": [],
   "source": [
    "def visualizeStuff():\n",
    "    mean = [10, 10, 10]\n",
    "    cov = [[1, 0, 0], [0, 1, 0], [0, 0, 1]] \n",
    "    x, y, z = np.random.multivariate_normal(mean, cov, 10000).T\n",
    "\n",
    "    fig = plt.figure(figsize=(20,8))\n",
    "    ax = fig.add_subplot(111, projection='3d')\n",
    "\n",
    "    plt.scatter(x, y, z, c='red')\n",
    "    plt.axis('equal')\n",
    "    plt.show()\n",
    "# visualizeStuff()"
   ]
  },
  {
   "cell_type": "code",
   "execution_count": 32,
   "metadata": {},
   "outputs": [
    {
     "name": "stdout",
     "output_type": "stream",
     "text": [
      "[[  3.34262523e+09   3.22579926e+09   3.30938965e+09   3.29937862e+09\n",
      "    3.22772461e+09   3.32096446e+09   3.30198863e+09   3.34731378e+09\n",
      "    3.33093378e+09   3.22048008e+09   3.34995772e+09   3.26167050e+09\n",
      "    3.20852957e+09   3.27563041e+09   3.31136550e+09   3.24512461e+09\n",
      "    3.30232478e+09   3.28323875e+09   3.30979790e+09   3.25388227e+09]\n",
      " [  3.22579926e+09   3.11372937e+09   3.19413764e+09   3.18441032e+09\n",
      "    3.11536252e+09   3.20528899e+09   3.18685680e+09   3.23032651e+09\n",
      "    3.21498855e+09   3.10837362e+09   3.23310473e+09   3.14801204e+09\n",
      "    3.09672078e+09   3.16152298e+09   3.19602661e+09   3.13198923e+09\n",
      "    3.18750969e+09   3.16882250e+09   3.19438864e+09   3.14039445e+09]\n",
      " [  3.30938965e+09   3.19413764e+09   3.27705936e+09   3.26678885e+09\n",
      "    3.19601437e+09   3.28834740e+09   3.26924871e+09   3.31413562e+09\n",
      "    3.29825630e+09   3.18887760e+09   3.31679787e+09   3.22958305e+09\n",
      "    3.17696708e+09   3.24354674e+09   3.27873793e+09   3.21307315e+09\n",
      "    3.27016931e+09   3.25091662e+09   3.27705130e+09   3.22142828e+09]\n",
      " [  3.29937862e+09   3.18441032e+09   3.26678885e+09   3.25811855e+09\n",
      "    3.18706466e+09   3.27822894e+09   3.26011765e+09   3.30464165e+09\n",
      "    3.28835427e+09   3.17964673e+09   3.30754436e+09   3.22010709e+09\n",
      "    3.16744224e+09   3.23390208e+09   3.26912534e+09   3.20389667e+09\n",
      "    3.25998018e+09   3.24139131e+09   3.26739545e+09   3.21310361e+09]\n",
      " [  3.22772461e+09   3.11536252e+09   3.19601437e+09   3.18706466e+09\n",
      "    3.11778780e+09   3.20713436e+09   3.18914714e+09   3.23272216e+09\n",
      "    3.21705573e+09   3.11061739e+09   3.23560235e+09   3.15017335e+09\n",
      "    3.09870472e+09   3.16378746e+09   3.19811878e+09   3.13423369e+09\n",
      "    3.18941484e+09   3.17099430e+09   3.19644394e+09   3.14294454e+09]\n",
      " [  3.32096446e+09   3.20528899e+09   3.28834740e+09   3.27822894e+09\n",
      "    3.20713436e+09   3.29977169e+09   3.28072426e+09   3.32570899e+09\n",
      "    3.30970416e+09   3.19996009e+09   3.32840004e+09   3.24081846e+09\n",
      "    3.18800173e+09   3.25476189e+09   3.29016184e+09   3.22429233e+09\n",
      "    3.28143867e+09   3.26223092e+09   3.28851499e+09   3.23283513e+09]\n",
      " [  3.30198863e+09   3.18685680e+09   3.26924871e+09   3.26011765e+09\n",
      "    3.18914714e+09   3.28072426e+09   3.26244664e+09   3.30696656e+09\n",
      "    3.29076398e+09   3.18181835e+09   3.30980741e+09   3.22239246e+09\n",
      "    3.16975818e+09   3.23613273e+09   3.27149139e+09   3.20612942e+09\n",
      "    3.26237656e+09   3.24366741e+09   3.26986215e+09   3.21516458e+09]\n",
      " [  3.34731378e+09   3.23032651e+09   3.31413562e+09   3.30464165e+09\n",
      "    3.23272216e+09   3.32570899e+09   3.30696656e+09   3.35260247e+09\n",
      "    3.33573040e+09   3.22541185e+09   3.35503915e+09   3.26664013e+09\n",
      "    3.21327215e+09   3.28068599e+09   3.31620794e+09   3.25012647e+09\n",
      "    3.30709668e+09   3.28819979e+09   3.31470946e+09   3.25891638e+09]\n",
      " [  3.33093378e+09   3.21498855e+09   3.29825630e+09   3.28835427e+09\n",
      "    3.21705573e+09   3.30970416e+09   3.29076398e+09   3.33573040e+09\n",
      "    3.31989813e+09   3.20983455e+09   3.33871709e+09   3.25067993e+09\n",
      "    3.19768603e+09   3.26471992e+09   3.30020997e+09   3.23414395e+09\n",
      "    3.29144400e+09   3.27218074e+09   3.29848760e+09   3.24284751e+09]\n",
      " [  3.22048008e+09   3.10837362e+09   3.18887760e+09   3.17964673e+09\n",
      "    3.11061739e+09   3.19996009e+09   3.18181835e+09   3.22541185e+09\n",
      "    3.20983455e+09   3.10366077e+09   3.22819865e+09   3.14306789e+09\n",
      "    3.09180154e+09   3.15667823e+09   3.19087274e+09   3.12715707e+09\n",
      "    3.18228911e+09   3.16387904e+09   3.18922887e+09   3.13562814e+09]\n",
      " [  3.34995772e+09   3.23310473e+09   3.31679787e+09   3.30754436e+09\n",
      "    3.23560235e+09   3.32840004e+09   3.30980741e+09   3.35503915e+09\n",
      "    3.33871709e+09   3.22819865e+09   3.35808398e+09   3.26927092e+09\n",
      "    3.21584355e+09   3.28334998e+09   3.31903580e+09   3.25273808e+09\n",
      "    3.30991590e+09   3.29089074e+09   3.31737560e+09   3.26188322e+09]\n",
      " [  3.26167050e+09   3.14801204e+09   3.22958305e+09   3.22010709e+09\n",
      "    3.15017335e+09   3.24081846e+09   3.22239246e+09   3.26664013e+09\n",
      "    3.25067993e+09   3.14306789e+09   3.26927092e+09   3.18316947e+09\n",
      "    3.13120465e+09   3.19689067e+09   3.23152281e+09   3.16698076e+09\n",
      "    3.22284534e+09   3.20419342e+09   3.22996134e+09   3.17550138e+09]\n",
      " [  3.20852957e+09   3.09672078e+09   3.17696708e+09   3.16744224e+09\n",
      "    3.09870472e+09   3.18800173e+09   3.16975818e+09   3.21327215e+09\n",
      "    3.19768603e+09   3.09180154e+09   3.21584355e+09   3.13120465e+09\n",
      "    3.08023874e+09   3.14466775e+09   3.17885759e+09   3.11532731e+09\n",
      "    3.17029836e+09   3.15192624e+09   3.17725256e+09   3.12363387e+09]\n",
      " [  3.27563041e+09   3.16152298e+09   3.24354674e+09   3.23390208e+09\n",
      "    3.16378746e+09   3.25476189e+09   3.23613273e+09   3.28068599e+09\n",
      "    3.26471992e+09   3.15667823e+09   3.28334998e+09   3.19689067e+09\n",
      "    3.14466775e+09   3.21088600e+09   3.24540176e+09   3.18061062e+09\n",
      "    3.23685520e+09   3.21801607e+09   3.24385074e+09   3.18897825e+09]\n",
      " [  3.31136550e+09   3.19602661e+09   3.27873793e+09   3.26912534e+09\n",
      "    3.19811878e+09   3.29016184e+09   3.27149139e+09   3.31620794e+09\n",
      "    3.30020997e+09   3.19087274e+09   3.31903580e+09   3.23152281e+09\n",
      "    3.17885759e+09   3.24540176e+09   3.28083308e+09   3.21521907e+09\n",
      "    3.27187281e+09   3.25290067e+09   3.27909477e+09   3.22396997e+09]\n",
      " [  3.24512461e+09   3.13198923e+09   3.21307315e+09   3.20389667e+09\n",
      "    3.13423369e+09   3.22429233e+09   3.20612942e+09   3.25012647e+09\n",
      "    3.23414395e+09   3.12715707e+09   3.25273808e+09   3.16698076e+09\n",
      "    3.11532731e+09   3.18061062e+09   3.21521907e+09   3.15111496e+09\n",
      "    3.20634406e+09   3.18794379e+09   3.21358349e+09   3.15964136e+09]\n",
      " [  3.30232478e+09   3.18750969e+09   3.27016931e+09   3.25998018e+09\n",
      "    3.18941484e+09   3.28143867e+09   3.26237656e+09   3.30709668e+09\n",
      "    3.29144400e+09   3.18228911e+09   3.30991590e+09   3.22284534e+09\n",
      "    3.17029836e+09   3.23685520e+09   3.27187281e+09   3.20634406e+09\n",
      "    3.26343626e+09   3.24413682e+09   3.27018997e+09   3.21468136e+09]\n",
      " [  3.28323875e+09   3.16882250e+09   3.25091662e+09   3.24139131e+09\n",
      "    3.17099430e+09   3.26223092e+09   3.24366741e+09   3.28819979e+09\n",
      "    3.27218074e+09   3.16387904e+09   3.29089074e+09   3.20419342e+09\n",
      "    3.15192624e+09   3.21801607e+09   3.25290067e+09   3.18794379e+09\n",
      "    3.24413682e+09   3.22541375e+09   3.25128518e+09   3.19652899e+09]\n",
      " [  3.30979790e+09   3.19438864e+09   3.27705130e+09   3.26739545e+09\n",
      "    3.19644394e+09   3.28851499e+09   3.26986215e+09   3.31470946e+09\n",
      "    3.29848760e+09   3.18922887e+09   3.31737560e+09   3.22996134e+09\n",
      "    3.17725256e+09   3.24385074e+09   3.27909477e+09   3.21358349e+09\n",
      "    3.27018997e+09   3.25128518e+09   3.27758007e+09   3.22226209e+09]\n",
      " [  3.25388227e+09   3.14039445e+09   3.22142828e+09   3.21310361e+09\n",
      "    3.14294454e+09   3.23283513e+09   3.21516458e+09   3.25891638e+09\n",
      "    3.24284751e+09   3.13562814e+09   3.26188322e+09   3.17550138e+09\n",
      "    3.12363387e+09   3.18897825e+09   3.22396997e+09   3.15964136e+09\n",
      "    3.21468136e+09   3.19652899e+09   3.22226209e+09   3.16898677e+09]]\n",
      "[[  1.54135947e+09   1.64003895e+09   1.50978584e+09   1.55212994e+09\n",
      "    1.56141832e+09   1.55174032e+09   1.56681213e+09   1.55796870e+09\n",
      "    1.50032454e+09   1.62117000e+09   1.53671015e+09   1.55398034e+09\n",
      "    1.59347388e+09   1.55475119e+09   1.56937010e+09   1.56861186e+09\n",
      "    1.48577877e+09   1.58055766e+09   1.57419784e+09   1.60418885e+09]\n",
      " [  1.64003895e+09   1.74530039e+09   1.60669782e+09   1.65157582e+09\n",
      "    1.66147899e+09   1.65132227e+09   1.66732279e+09   1.65762930e+09\n",
      "    1.59647968e+09   1.72507130e+09   1.63519350e+09   1.65349337e+09\n",
      "    1.69547863e+09   1.65423068e+09   1.66983761e+09   1.66892202e+09\n",
      "    1.58098448e+09   1.68184449e+09   1.67498636e+09   1.70689563e+09]\n",
      " [  1.50978584e+09   1.60669782e+09   1.47930723e+09   1.52043488e+09\n",
      "    1.52953474e+09   1.52030745e+09   1.53487143e+09   1.52594895e+09\n",
      "    1.46965236e+09   1.58808772e+09   1.50529431e+09   1.52210656e+09\n",
      "    1.56084383e+09   1.52279360e+09   1.53717385e+09   1.53628267e+09\n",
      "    1.45544892e+09   1.54828921e+09   1.54183361e+09   1.57126435e+09]\n",
      " [  1.55212994e+09   1.65157582e+09   1.52043488e+09   1.56318820e+09\n",
      "    1.57232203e+09   1.56262900e+09   1.57770793e+09   1.56902026e+09\n",
      "    1.51070959e+09   1.63256678e+09   1.54736672e+09   1.56487468e+09\n",
      "    1.60477020e+09   1.56564467e+09   1.58040182e+09   1.57967692e+09\n",
      "    1.49622236e+09   1.59164849e+09   1.58516941e+09   1.61552555e+09]\n",
      " [  1.56141832e+09   1.66147899e+09   1.52953474e+09   1.57232203e+09\n",
      "    1.58186372e+09   1.57205284e+09   1.58742237e+09   1.57815202e+09\n",
      "    1.51997342e+09   1.64233759e+09   1.55683126e+09   1.57425252e+09\n",
      "    1.61417268e+09   1.57495727e+09   1.58977442e+09   1.58896943e+09\n",
      "    1.50512276e+09   1.60115872e+09   1.59473400e+09   1.62507817e+09]\n",
      " [  1.55174032e+09   1.65132227e+09   1.52030745e+09   1.56262900e+09\n",
      "    1.57205284e+09   1.56254499e+09   1.57765074e+09   1.56825209e+09\n",
      "    1.51054894e+09   1.63219110e+09   1.54716090e+09   1.56441796e+09\n",
      "    1.60412087e+09   1.56504104e+09   1.57982146e+09   1.57889557e+09\n",
      "    1.49579662e+09   1.59126373e+09   1.58470079e+09   1.61495612e+09]\n",
      " [  1.56681213e+09   1.66732279e+09   1.53487143e+09   1.57770793e+09\n",
      "    1.58742237e+09   1.57765074e+09   1.59345618e+09   1.58332730e+09\n",
      "    1.52540151e+09   1.64814604e+09   1.56234463e+09   1.57972552e+09\n",
      "    1.61957677e+09   1.58011704e+09   1.59501493e+09   1.59419749e+09\n",
      "    1.51003438e+09   1.60669299e+09   1.60018113e+09   1.63073587e+09]\n",
      " [  1.55796870e+09   1.65762930e+09   1.52594895e+09   1.56902026e+09\n",
      "    1.57815202e+09   1.56825209e+09   1.58332730e+09   1.57524468e+09\n",
      "    1.51630850e+09   1.63867893e+09   1.55312960e+09   1.57084823e+09\n",
      "    1.61096544e+09   1.57178470e+09   1.58653304e+09   1.58597940e+09\n",
      "    1.50198864e+09   1.59766916e+09   1.59128493e+09   1.62154676e+09]\n",
      " [  1.50032454e+09   1.59647968e+09   1.46965236e+09   1.51070959e+09\n",
      "    1.51997342e+09   1.51054894e+09   1.52540151e+09   1.51630850e+09\n",
      "    1.46062069e+09   1.57808399e+09   1.49599705e+09   1.51265245e+09\n",
      "    1.55092124e+09   1.51332256e+09   1.52755040e+09   1.52674300e+09\n",
      "    1.44620922e+09   1.53850187e+09   1.53237113e+09   1.56144710e+09]\n",
      " [  1.62117000e+09   1.72507130e+09   1.58808772e+09   1.63256678e+09\n",
      "    1.64233759e+09   1.63219110e+09   1.64814604e+09   1.63867893e+09\n",
      "    1.57808399e+09   1.70537347e+09   1.61633662e+09   1.63450678e+09\n",
      "    1.67609458e+09   1.63521333e+09   1.65059749e+09   1.64990196e+09\n",
      "    1.56266482e+09   1.66252062e+09   1.65568083e+09   1.68730566e+09]\n",
      " [  1.53671015e+09   1.63519350e+09   1.50529431e+09   1.54736672e+09\n",
      "    1.55683126e+09   1.54716090e+09   1.56234463e+09   1.55312960e+09\n",
      "    1.49599705e+09   1.61633662e+09   1.53229583e+09   1.54933675e+09\n",
      "    1.58854005e+09   1.55005164e+09   1.56460614e+09   1.56376566e+09\n",
      "    1.48129757e+09   1.57582468e+09   1.56954371e+09   1.59928479e+09]\n",
      " [  1.55398034e+09   1.65349337e+09   1.52210656e+09   1.56487468e+09\n",
      "    1.57425252e+09   1.56441796e+09   1.57972552e+09   1.57084823e+09\n",
      "    1.51265245e+09   1.63450678e+09   1.54933675e+09   1.56683851e+09\n",
      "    1.60660115e+09   1.56755602e+09   1.58227373e+09   1.58159540e+09\n",
      "    1.49798746e+09   1.59355309e+09   1.58720895e+09   1.61737089e+09]\n",
      " [  1.59347388e+09   1.69547863e+09   1.56084383e+09   1.60477020e+09\n",
      "    1.61417268e+09   1.60412087e+09   1.61957677e+09   1.61096544e+09\n",
      "    1.55092124e+09   1.67609458e+09   1.58854005e+09   1.60660115e+09\n",
      "    1.64765885e+09   1.60746230e+09   1.62258190e+09   1.62195024e+09\n",
      "    1.53613869e+09   1.63405751e+09   1.62745799e+09   1.65853514e+09]\n",
      " [  1.55475119e+09   1.65423068e+09   1.52279360e+09   1.56564467e+09\n",
      "    1.57495727e+09   1.56504104e+09   1.58011704e+09   1.57178470e+09\n",
      "    1.51332256e+09   1.63521333e+09   1.55005164e+09   1.56755602e+09\n",
      "    1.60746230e+09   1.56858356e+09   1.58326516e+09   1.58258339e+09\n",
      "    1.49892760e+09   1.59434494e+09   1.58806392e+09   1.61813797e+09]\n",
      " [  1.56937010e+09   1.66983761e+09   1.53717385e+09   1.58040182e+09\n",
      "    1.58977442e+09   1.57982146e+09   1.59501493e+09   1.58653304e+09\n",
      "    1.52755040e+09   1.65059749e+09   1.56460614e+09   1.58227373e+09\n",
      "    1.62258190e+09   1.58326516e+09   1.59816199e+09   1.59744105e+09\n",
      "    1.51301803e+09   1.60931224e+09   1.60296045e+09   1.63338596e+09]\n",
      " [  1.56861186e+09   1.66892202e+09   1.53628267e+09   1.57967692e+09\n",
      "    1.58896943e+09   1.57889557e+09   1.59419749e+09   1.58597940e+09\n",
      "    1.52674300e+09   1.64990196e+09   1.56376566e+09   1.58159540e+09\n",
      "    1.62195024e+09   1.58258339e+09   1.59744105e+09   1.59699312e+09\n",
      "    1.51224158e+09   1.60859810e+09   1.60222099e+09   1.63269357e+09]\n",
      " [  1.48577877e+09   1.58098448e+09   1.45544892e+09   1.49622236e+09\n",
      "    1.50512276e+09   1.49579662e+09   1.51003438e+09   1.50198864e+09\n",
      "    1.44620922e+09   1.56266482e+09   1.48129757e+09   1.49798746e+09\n",
      "    1.53613869e+09   1.49892760e+09   1.51301803e+09   1.51224158e+09\n",
      "    1.43254262e+09   1.52363063e+09   1.51756638e+09   1.54629589e+09]\n",
      " [  1.58055766e+09   1.68184449e+09   1.54828921e+09   1.59164849e+09\n",
      "    1.60115872e+09   1.59126373e+09   1.60669299e+09   1.59766916e+09\n",
      "    1.53850187e+09   1.66252062e+09   1.57582468e+09   1.59355309e+09\n",
      "    1.63405751e+09   1.59434494e+09   1.60931224e+09   1.60859810e+09\n",
      "    1.52363063e+09   1.62091125e+09   1.61424779e+09   1.64496326e+09]\n",
      " [  1.57419784e+09   1.67498636e+09   1.54183361e+09   1.58516941e+09\n",
      "    1.59473400e+09   1.58470079e+09   1.60018113e+09   1.59128493e+09\n",
      "    1.53237113e+09   1.65568083e+09   1.56954371e+09   1.58720895e+09\n",
      "    1.62745799e+09   1.58806392e+09   1.60296045e+09   1.60222099e+09\n",
      "    1.51756638e+09   1.61424779e+09   1.60796756e+09   1.63839268e+09]\n",
      " [  1.60418885e+09   1.70689563e+09   1.57126435e+09   1.61552555e+09\n",
      "    1.62507817e+09   1.61495612e+09   1.63073587e+09   1.62154676e+09\n",
      "    1.56144710e+09   1.68730566e+09   1.59928479e+09   1.61737089e+09\n",
      "    1.65853514e+09   1.61813797e+09   1.63338596e+09   1.63269357e+09\n",
      "    1.54629589e+09   1.64496326e+09   1.63839268e+09   1.66981023e+09]]\n",
      "[[ 1744280.25041238  1737799.36008464  1721134.10144942  1732681.62609675\n",
      "   1710408.18885304  1740251.70658644  1738857.41504877  1751886.60066569\n",
      "   1725449.39943291  1729160.74226937  1745238.52443542  1719875.30056466\n",
      "   1715001.22921729  1725136.2873943   1743119.85747114  1719191.59677132\n",
      "   1710036.98195697  1737070.14496339  1744284.1918645   1735025.40074343]\n",
      " [ 1737799.36008464  1735367.77236736  1714584.09272413  1727137.9057459\n",
      "   1706014.82624642  1734504.02239818  1733635.56938105  1745698.50113628\n",
      "   1718381.51224316  1726230.32957904  1738677.93755245  1714823.36164937\n",
      "   1711499.79237766  1719912.01991753  1737808.64869383  1714611.15978621\n",
      "   1703033.63117697  1732381.0666961   1739062.49996991  1731175.03042924]\n",
      " [ 1721134.10144942  1714584.09272413  1698702.35407964  1709722.76101028\n",
      "   1687696.1103742   1717376.73200837  1715757.19242112  1728601.63061195\n",
      "   1702824.51943865  1706059.04469293  1722175.778199    1697032.00577422\n",
      "   1692075.32384912  1702264.40644362  1719968.49326509  1696198.50834082\n",
      "   1687720.79626547  1714002.07930277  1721030.32351389  1711675.93959011]\n",
      " [ 1732681.62609675  1727137.9057459   1709722.76101028  1721895.26491066\n",
      "   1699780.95892491  1728877.83512443  1727794.85261218  1740593.53799316\n",
      "   1713951.38078385  1718647.68132474  1733896.81367563  1708922.06249869\n",
      "   1704361.58559711  1714123.83829913  1731973.98762611  1708419.13838521\n",
      "   1698643.76495837  1726085.64173209  1733058.88007893  1724510.41396932]\n",
      " [ 1710408.18885304  1706014.82624642  1687696.1103742   1699780.95892491\n",
      "   1678446.96955307  1706852.56852119  1705917.68479524  1718169.35051988\n",
      "   1691796.12467958  1697483.92086722  1711583.43322868  1687294.95374212\n",
      "   1683170.49861586  1692408.82906393  1709961.85739548  1686858.25496929\n",
      "   1676620.5741588   1704340.36582504  1711134.97825211  1702865.25336905]\n",
      " [ 1740251.70658644  1734504.02239818  1717376.73200837  1728877.83512443\n",
      "   1706852.56852119  1736541.66902366  1735133.92894924  1747843.24298101\n",
      "   1721518.96274386  1725768.28226106  1741271.76203364  1716155.86449226\n",
      "   1711472.357875    1721358.18956071  1739279.7503712   1715424.247569\n",
      "   1706155.46239108  1733390.94753218  1740434.20553843  1731354.01943399]\n",
      " [ 1738857.41504877  1733635.56938105  1715757.19242112  1727794.85261218\n",
      "   1705917.68479524  1735133.92894924  1734251.00596285  1746533.52274734\n",
      "   1720059.10181242  1724987.28243325  1740054.29907414  1715042.13779062\n",
      "   1710476.76936006  1720089.20619171  1738037.97112353  1714402.46578862\n",
      "   1704432.4790207   1732271.57128351  1739301.17293773  1730678.73284005]\n",
      " [ 1751886.60066569  1745698.50113628  1728601.63061195  1740593.53799316\n",
      "   1718169.35051988  1747843.24298101  1746533.52274734  1759945.41302382\n",
      "   1732871.03662413  1737175.2761131   1752917.41031605  1727674.41344011\n",
      "   1722941.99710823  1733025.24563729  1750978.91982847  1727180.66815857\n",
      "   1717530.46864174  1744953.19375916  1752140.85127024  1743022.55029471]\n",
      " [ 1725449.39943291  1718381.51224316  1702824.51943865  1713951.38078385\n",
      "   1691796.12467958  1721518.96274386  1720059.10181242  1732871.03662413\n",
      "   1707328.14922692  1709970.90660901  1726683.62361064  1701190.13449939\n",
      "   1695931.16836056  1706443.74057427  1724200.13221596  1700316.76659791\n",
      "   1692019.00896287  1718100.93187039  1725306.68817073  1715819.50266931]\n",
      " [ 1729160.74226937  1726230.32957904  1706059.04469293  1718647.68132474\n",
      "   1697483.92086722  1725768.28226106  1724987.28243325  1737175.2761131\n",
      "   1709970.90660901  1717512.2267121   1730191.16815733  1706276.66670128\n",
      "   1702820.04315528  1711389.842562    1729096.50983514  1706092.50926767\n",
      "   1694626.4032743   1723714.16378721  1730324.89072787  1722476.35685668]\n",
      " [ 1745238.52443542  1738677.93755245  1722175.778199    1733896.81367563\n",
      "   1711583.43322868  1741271.76203364  1740054.29907414  1752917.41031605\n",
      "   1726683.62361064  1730191.16815733  1746564.21762105  1720931.31030997\n",
      "   1715851.28707088  1726214.86297562  1744157.83674814  1720179.90751882\n",
      "   1711147.66929636  1738112.64898419  1745328.32510742  1736131.43421641]\n",
      " [ 1719875.30056466  1714823.36164937  1697032.00577422  1708922.06249869\n",
      "   1687294.95374212  1716155.86449226  1715042.13779062  1727674.41344011\n",
      "   1701190.13449939  1706276.66670128  1720931.31030997  1696431.41929497\n",
      "   1692073.50106778  1701588.10291643  1719213.04871256  1695920.05603497\n",
      "   1686011.71490132  1713480.89655318  1720417.95874885  1711740.09852144]\n",
      " [ 1715001.22921729  1711499.79237766  1692075.32384912  1704361.58559711\n",
      "   1683170.49861586  1711472.357875    1710476.76936006  1722941.99710823\n",
      "   1695931.16836056  1702820.04315528  1715851.28707088  1692073.50106778\n",
      "   1688534.85337842  1697189.3041937   1714799.81689444  1691884.841516\n",
      "   1680870.37577773  1709279.90931824  1715968.05115876  1707917.50421453]\n",
      " [ 1725136.2873943   1719912.01991753  1702264.40644362  1714123.83829913\n",
      "   1692408.82906393  1721358.18956071  1720089.20619171  1733025.24563729\n",
      "   1706443.74057427  1711389.842562    1726214.86297562  1701588.10291643\n",
      "   1697189.3041937   1706953.41200321  1724523.90003933  1701140.71990884\n",
      "   1691350.99952115  1718700.35998427  1725683.80585092  1716827.22235764]\n",
      " [ 1743119.85747114  1737808.64869383  1719968.49326509  1731973.98762611\n",
      "   1709961.85739548  1739279.7503712   1738037.97112353  1750978.91982847\n",
      "   1724200.13221596  1729096.50983514  1744157.83674814  1719213.04871256\n",
      "   1714799.81689444  1724523.90003933  1742498.23897818  1718807.18626805\n",
      "   1708889.58363206  1736504.61192245  1743591.14909837  1734769.97630389]\n",
      " [ 1719191.59677132  1714611.15978621  1696198.50834082  1708419.13838521\n",
      "   1686858.25496929  1715424.247569    1714402.46578862  1727180.66815857\n",
      "   1700316.76659791  1706092.50926767  1720179.90751882  1695920.05603497\n",
      "   1691884.841516    1701140.71990884  1718807.18626805  1695752.88700232\n",
      "   1685209.15700511  1713050.67681818  1719930.1704687   1711548.18971129]\n",
      " [ 1710036.98195697  1703033.63117697  1687720.79626547  1698643.76495837\n",
      "   1676620.5741588   1706155.46239108  1704432.4790207   1717530.46864174\n",
      "   1692019.00896287  1694626.4032743   1711147.66929636  1686011.71490132\n",
      "   1680870.37577773  1691350.99952115  1708889.58363206  1685209.15700511\n",
      "   1677135.3173715   1702774.09081484  1709912.98202646  1700349.01531206]\n",
      " [ 1737070.14496339  1732381.0666961   1714002.07930277  1726085.64173209\n",
      "   1704340.36582504  1733390.94753218  1732271.57128351  1744953.19375916\n",
      "   1718100.93187039  1723714.16378721  1738112.64898419  1713480.89655318\n",
      "   1709279.90931824  1718700.35998427  1736504.61192245  1713050.67681818\n",
      "   1702774.09081484  1730830.3541904   1737690.34962524  1729104.3746829 ]\n",
      " [ 1744284.1918645   1739062.49996991  1721030.32351389  1733058.88007893\n",
      "   1711134.97825211  1740434.20553843  1739301.17293773  1752140.85127024\n",
      "   1725306.68817073  1730324.89072787  1745328.32510742  1720417.95874885\n",
      "   1715968.05115876  1725683.80585092  1743591.14909837  1719930.1704687\n",
      "   1709912.98202646  1737690.34962524  1744838.43877243  1735948.13152056]\n",
      " [ 1735025.40074343  1731175.03042924  1711675.93959011  1724510.41396932\n",
      "   1702865.25336905  1731354.01943399  1730678.73284005  1743022.55029471\n",
      "   1715819.50266931  1722476.35685668  1736131.43421641  1711740.09852144\n",
      "   1707917.50421453  1716827.22235764  1734769.97630389  1711548.18971129\n",
      "   1700349.01531206  1729104.3746829   1735948.13152056  1728141.78867638]]\n"
     ]
    }
   ],
   "source": [
    "def runLDA():\n",
    "    dfTrain = readCsv('1_train.csv')\n",
    "    N, N1, N2, pi, U1, U2 = np.zeros(6)\n",
    "    Y = dfTrain[20].as_matrix()\n",
    "    dfTrain = dfTrain.iloc[:,0:20]\n",
    "    S = np.zeros((20,20))\n",
    "    S1 = np.zeros((20,20))\n",
    "    S2 = np.zeros((20,20))\n",
    "    N = len(dfTrain)\n",
    "    N1 = np.count_nonzero(Y)\n",
    "    N2 = N - N1\n",
    "    pi = N1/N\n",
    "    \n",
    "    for i in range(0, len(dfTrain)):\n",
    "        U1 = U1 + Y[i]*dfTrain.iloc[i,:].as_matrix()\n",
    "        U2 = U2 + (1-Y[i])*dfTrain.iloc[i,:].as_matrix()\n",
    "    U1 = U1/N1\n",
    "    U2 = U2/N2\n",
    "    \n",
    "    for i in range(0, len(dfTrain)):\n",
    "        xSubMean = np.zeros(20)\n",
    "        if (Y[i]==1):\n",
    "            xSubMean = np.subtract(dfTrain.iloc[0,:].as_matrix(), U1)   \n",
    "            S1 = S1 + np.outer(xSubMean, xSubMean)\n",
    "        elif (Y[i]==0):\n",
    "            xSubMean = np.subtract(dfTrain.iloc[0,:].as_matrix(), U2)\n",
    "            S2 = S2 + np.outer(xSubMean, xSubMean)\n",
    "        \n",
    "    S = np.add(S1, S2)\n",
    "    S = np.divide(S, len(dfTrain))\n",
    "        \n",
    "    print(S1)\n",
    "    print(S2)\n",
    "    \n",
    "    print(S)\n",
    "#     print(U1)\n",
    "#     print(U2)\n",
    "    \n",
    "#     for i in range(0)\n",
    "\n",
    "#     print(dfTrain)\n",
    "    test = dfTrain.iloc[0,:].as_matrix()\n",
    "    \n",
    "#     print(test)\n",
    "#     print(test.transpose())\n",
    "#     print(np.dot(test,test))\n",
    "#     print(np.outer(test, test).size)\n",
    "#     for i in range(0, len(dfTrain)):\n",
    "#         print(dfTrain.iloc[i,20])\n",
    "#         U1 += dfTrain.iloc[i,20]*\n",
    "runLDA()\n"
   ]
  },
  {
   "cell_type": "code",
   "execution_count": null,
   "metadata": {
    "collapsed": true
   },
   "outputs": [],
   "source": []
  },
  {
   "cell_type": "code",
   "execution_count": null,
   "metadata": {
    "collapsed": true
   },
   "outputs": [],
   "source": []
  },
  {
   "cell_type": "code",
   "execution_count": null,
   "metadata": {
    "collapsed": true
   },
   "outputs": [],
   "source": []
  }
 ],
 "metadata": {
  "kernelspec": {
   "display_name": "Python 3",
   "language": "python",
   "name": "python3"
  },
  "language_info": {
   "codemirror_mode": {
    "name": "ipython",
    "version": 3
   },
   "file_extension": ".py",
   "mimetype": "text/x-python",
   "name": "python",
   "nbconvert_exporter": "python",
   "pygments_lexer": "ipython3",
   "version": "3.6.3"
  }
 },
 "nbformat": 4,
 "nbformat_minor": 2
}
