{
 "cells": [
  {
   "cell_type": "code",
   "execution_count": 1,
   "metadata": {
    "collapsed": true
   },
   "outputs": [],
   "source": [
    "%matplotlib inline\n",
    "import numpy as np\n",
    "import pandas as pd\n",
    "from mpl_toolkits.mplot3d import Axes3D\n",
    "import matplotlib.pyplot as plt\n",
    "from random import sample\n"
   ]
  },
  {
   "cell_type": "code",
   "execution_count": 2,
   "metadata": {
    "collapsed": true
   },
   "outputs": [],
   "source": [
    "def readCsv(fileName):\n",
    "    fullFileName = r'C:\\Users\\Owner\\McGill\\4thYear\\COMP551\\Assignments\\Assignment2\\Datasets\\DS' + fileName\n",
    "    df = pd.read_csv(fullFileName, encoding='utf-8', header = None,\n",
    "                 comment='#', sep=',')\n",
    "    \n",
    "    return df"
   ]
  },
  {
   "cell_type": "code",
   "execution_count": 3,
   "metadata": {
    "collapsed": true
   },
   "outputs": [],
   "source": [
    "def createData():\n",
    "    df = readCsv('1_Cov.csv')\n",
    "    meanPositive = readCsv('1_m_1.csv').dropna(axis=1, how='all').as_matrix()\n",
    "    meanNegative = readCsv('1_m_0.csv').dropna(axis=1, how='all').as_matrix()\n",
    "    meanPositive = meanPositive[0,:]\n",
    "    meanNegative = meanNegative[0,:]\n",
    "    \n",
    "    cov = df.dropna(axis=1, how='all').as_matrix()\n",
    "    \n",
    "    distributionPositive = np.random.multivariate_normal(meanPositive, cov, 2000)\n",
    "    distributionNegative = np.random.multivariate_normal(meanNegative, cov, 2000)\n",
    "    \n",
    "    distributionPositive = np.c_[distributionPositive, np.ones(distributionPositive.shape[0])]\n",
    "    distributionNegative = np.c_[distributionNegative, np.zeros(distributionNegative.shape[0])]\n",
    "\n",
    "    distribution = np.concatenate((distributionPositive, distributionNegative), axis=0)\n",
    "    np.random.shuffle(distribution)\n",
    "    distributionTest = distribution[0:1200]\n",
    "    distributionTrain = distribution[1200:] \n",
    "\n",
    "    return (distribution, distributionTest, distributionTrain)\n",
    "\n"
   ]
  },
  {
   "cell_type": "code",
   "execution_count": 4,
   "metadata": {
    "collapsed": true
   },
   "outputs": [],
   "source": [
    "def toCsv(fileName, npArray):\n",
    "    \n",
    "    fullFileName = r'C:\\Users\\Owner\\McGill\\4thYear\\COMP551\\Assignments\\Assignment2\\Datasets\\DS' + fileName\n",
    "    np.savetxt(fullFileName, npArray, delimiter=',')\n"
   ]
  },
  {
   "cell_type": "code",
   "execution_count": 5,
   "metadata": {
    "collapsed": true
   },
   "outputs": [],
   "source": [
    "def initializeDS1():\n",
    "    fullDistribution, distributionTest, distributionTrain = createData()\n",
    "    toCsv('1_train.csv', distributionTrain)\n",
    "    toCsv('1_test.csv', distributionTest)\n",
    "    toCsv('1.csv', fullDistribution)\n",
    "# initializeDS1()\n"
   ]
  },
  {
   "cell_type": "code",
   "execution_count": 6,
   "metadata": {
    "collapsed": true
   },
   "outputs": [],
   "source": [
    "def visualizeStuff():\n",
    "    mean = [10, 10, 10]\n",
    "    cov = [[1, 0, 0], [0, 1, 0], [0, 0, 1]] \n",
    "    x, y, z = np.random.multivariate_normal(mean, cov, 10000).T\n",
    "\n",
    "    fig = plt.figure(figsize=(20,8))\n",
    "    ax = fig.add_subplot(111, projection='3d')\n",
    "\n",
    "    plt.scatter(x, y, z, c='red')\n",
    "    plt.axis('equal')\n",
    "    plt.show()\n",
    "# visualizeStuff()"
   ]
  },
  {
   "cell_type": "code",
   "execution_count": 7,
   "metadata": {
    "collapsed": true
   },
   "outputs": [],
   "source": [
    "def runLDA(dfTrain):\n",
    "    N, N1, N2, pi, U1, U2 = np.zeros(6)\n",
    "    Y = dfTrain[20].as_matrix()\n",
    "    dfTrain = dfTrain.iloc[:,0:20]\n",
    "    S = np.zeros((20,20))\n",
    "    S1 = np.zeros((20,20))\n",
    "    S2 = np.zeros((20,20))\n",
    "    N = len(dfTrain)\n",
    "    N1 = np.count_nonzero(Y)\n",
    "    N2 = N - N1\n",
    "    pi = N1/N\n",
    "    \n",
    "    for i in range(0, len(dfTrain)):\n",
    "        U1 = U1 + Y[i]*dfTrain.iloc[i,:].as_matrix()\n",
    "        U2 = U2 + (1-Y[i])*dfTrain.iloc[i,:].as_matrix()\n",
    "    U1 = U1/N1\n",
    "    U2 = U2/N2\n",
    "    \n",
    "    for i in range(0, len(dfTrain)):\n",
    "        xSubMean = np.zeros(20)\n",
    "        if (Y[i]==1):\n",
    "            xSubMean = np.subtract(dfTrain.iloc[i,:].as_matrix(), U1)   \n",
    "            S1 = S1 + np.outer(xSubMean, xSubMean)\n",
    "        elif (Y[i]==0):\n",
    "            xSubMean = np.subtract(dfTrain.iloc[i,:].as_matrix(), U2)\n",
    "            S2 = S2 + np.outer(xSubMean, xSubMean)\n",
    "        \n",
    "    S = np.add(S1, S2)\n",
    "    S = np.divide(S, N)\n",
    "    print('U1', U1)\n",
    "    print('U2', U2)\n",
    "    print('pi', pi)\n",
    "    print('S', S)\n",
    "    \n",
    "    return (U1, U2, pi, S)"
   ]
  },
  {
   "cell_type": "code",
   "execution_count": 8,
   "metadata": {
    "collapsed": true
   },
   "outputs": [],
   "source": [
    "def linearDecisionBoundary(dfTrain):\n",
    "    U1, U2, pi, S = runLDA(dfTrain)\n",
    "    invS = np.linalg.inv(S)\n",
    "    w = np.dot(invS, np.subtract(U1, U2))\n",
    "    w0 = 0\n",
    "    w0 = np.divide(np.dot(U1.T, np.dot(invS, U1)), -2)\n",
    "    w0 = w0 + np.divide(np.dot(U2.T, np.dot(invS, U2)), 2)\n",
    "    w0 = w0 + np.log(pi/(1-pi))\n",
    "    \n",
    "    print('w', w)\n",
    "    print('w0', w0)\n",
    "    return (w, w0)"
   ]
  },
  {
   "cell_type": "code",
   "execution_count": 9,
   "metadata": {
    "collapsed": true
   },
   "outputs": [],
   "source": [
    "def testData(dfTrain, dfTest):\n",
    "    w, w0 = linearDecisionBoundary(dfTrain)\n",
    "    Y = dfTest[20].as_matrix()\n",
    "    dfTest = dfTest.iloc[:,0:20]\n",
    "    classifier = 0\n",
    "    truePositive, falsePositive, falseNegative, trueNegative = np.zeros(4)\n",
    "    for i in range(0, len(dfTest)):\n",
    "        probability = np.dot(w, dfTest.iloc[i,:].as_matrix()) + w0\n",
    "        if probability>=0:\n",
    "            if Y[i] == 1:\n",
    "                truePositive+=1\n",
    "            elif Y[i] == 0:\n",
    "                falsePositive+=1\n",
    "                \n",
    "        elif probability<0:\n",
    "            if Y[i] == 1:\n",
    "                falseNegative+=1\n",
    "            elif Y[i] == 0:\n",
    "                trueNegative+=1\n",
    "\n",
    "    precision = truePositive/(truePositive+falsePositive)\n",
    "    recall = truePositive/(truePositive+falseNegative)\n",
    "    fMeasure = 2*precision*recall/(precision+recall)\n",
    "    accuracy = (truePositive+trueNegative)/(truePositive+trueNegative+falsePositive+falseNegative)\n",
    "    \n",
    "    print('Accuracy', accuracy)\n",
    "    print('Precision', precision)\n",
    "    print('Recall', recall)\n",
    "    print('F-Measure', fMeasure)\n"
   ]
  },
  {
   "cell_type": "code",
   "execution_count": 10,
   "metadata": {},
   "outputs": [
    {
     "name": "stdout",
     "output_type": "stream",
     "text": [
      "U1 [ 1.92486305  1.88574537  1.91903303  1.9023876   1.87220534  1.92675551\n",
      "  1.90384851  1.93631247  1.92383374  1.88307188  1.93366121  1.8939727\n",
      "  1.8565985   1.92555162  1.90964703  1.86961943  1.91901221  1.90444018\n",
      "  1.92062611  1.86677443]\n",
      "U2 [ 1.2578635   1.33369734  1.22781812  1.24713771  1.2745293   1.2742541\n",
      "  1.29876692  1.24321133  1.23592936  1.29741145  1.26109714  1.26499492\n",
      "  1.27306806  1.24368497  1.26658048  1.24846667  1.20458703  1.26859286\n",
      "  1.28606356  1.29473774]\n",
      "pi 0.5\n",
      "S [[ 8.0615456   5.54023354  6.33323801  5.24674662  6.02534845  6.29813792\n",
      "   4.80638065  5.56427935  5.08785888  5.306586    4.06744829  5.34554859\n",
      "   7.19348875  6.16442614  6.23079925  6.14010753  5.9777847   5.79110427\n",
      "   5.75451037  6.05636299]\n",
      " [ 5.54023354  6.82704627  5.45586708  4.35102419  5.54560142  5.62241695\n",
      "   4.38019284  3.99700092  4.17439172  5.0667105   3.42920118  4.63308771\n",
      "   5.91255215  5.22008792  5.51742136  5.27390571  5.68707093  5.15873333\n",
      "   5.42499206  5.36940271]\n",
      " [ 6.33323801  5.45586708  7.46264998  4.91798934  5.95914007  6.76916316\n",
      "   4.71897136  4.91492352  4.97997905  5.21088771  3.37949685  4.76855865\n",
      "   6.49880727  5.31054049  6.24094858  6.08816915  6.36884001  5.08964861\n",
      "   4.86479941  5.21529275]\n",
      " [ 5.24674662  4.35102419  4.91798934  5.8091975   5.35139632  4.55298434\n",
      "   3.75199064  4.44548935  3.42112162  4.32414227  2.84503784  4.22380196\n",
      "   5.97935023  4.89707982  4.84113141  5.13355756  4.70817118  4.64109447\n",
      "   4.00727385  5.89717266]\n",
      " [ 6.02534845  5.54560142  5.95914007  5.35139632  7.24158198  5.56146878\n",
      "   5.17666702  4.52160611  4.82956956  5.29823818  4.2698059   5.14519563\n",
      "   6.3853618   6.09870671  6.16911122  6.39678468  6.09182489  5.31232918\n",
      "   5.61497257  5.93510321]\n",
      " [ 6.29813792  5.62241695  6.76916316  4.55298434  5.56146878  6.90224511\n",
      "   4.56974591  5.00880734  4.84407908  5.47027041  3.09009518  4.91080693\n",
      "   6.51065036  5.13528913  5.94013165  6.12704514  6.04957686  5.10459406\n",
      "   4.92643946  5.32832003]\n",
      " [ 4.80638065  4.38019284  4.71897136  3.75199064  5.17666702  4.56974591\n",
      "   5.24968557  4.0064217   4.07518813  4.47199267  3.1414642   4.43405465\n",
      "   4.84002363  4.30587025  4.82649804  5.41616197  4.45661031  3.8042805\n",
      "   4.78412201  4.01869939]\n",
      " [ 5.56427935  3.99700092  4.91492352  4.44548935  4.52160611  5.00880734\n",
      "   4.0064217   6.1373358   3.65479466  5.08793196  2.66883256  4.97390283\n",
      "   6.33141276  5.31169997  4.98117821  6.29002344  4.6004594   5.04278742\n",
      "   4.97100901  4.61085804]\n",
      " [ 5.08785888  4.17439172  4.97997905  3.42112162  4.82956956  4.84407908\n",
      "   4.07518813  3.65479466  5.01442827  4.69979339  3.21369765  4.14270938\n",
      "   5.13117672  4.75966807  5.02039635  5.25938176  5.1969007   4.11853029\n",
      "   4.36184046  4.15180785]\n",
      " [ 5.306586    5.0667105   5.21088771  4.32414227  5.29823818  5.47027041\n",
      "   4.47199267  5.08793196  4.69979339  7.22993603  3.39593981  4.84423839\n",
      "   6.98703688  5.33810472  5.13071138  6.12028485  4.883369    5.39420652\n",
      "   4.71409546  5.47381829]\n",
      " [ 4.06744829  3.42920118  3.37949685  2.84503784  4.2698059   3.09009518\n",
      "   3.1414642   2.66883256  3.21369765  3.39593981  3.4797634   3.02109906\n",
      "   3.81563439  4.11780763  3.75838935  3.83249693  3.75278219  3.32134872\n",
      "   3.92092593  3.58950132]\n",
      " [ 5.34554859  4.63308771  4.76855865  4.22380196  5.14519563  4.91080693\n",
      "   4.43405465  4.97390283  4.14270938  4.84423839  3.02109906  5.34107908\n",
      "   6.1199687   5.14996843  4.905715    5.68254328  5.12847848  4.97629853\n",
      "   5.17278444  4.60451951]\n",
      " [ 7.19348875  5.91255215  6.49880727  5.97935023  6.3853618   6.51065036\n",
      "   4.84002363  6.33141276  5.13117672  6.98703688  3.81563439  6.1199687\n",
      "   9.233844    6.42666165  6.36163125  6.70248276  6.08119386  6.44945735\n",
      "   6.03404879  7.43293555]\n",
      " [ 6.16442614  5.22008792  5.31054049  4.89707982  6.09870671  5.13528913\n",
      "   4.30587025  5.31169997  4.75966807  5.33810472  4.11780763  5.14996843\n",
      "   6.42666165  7.19391908  6.07129249  6.41289369  5.85536464  5.73644682\n",
      "   6.16412539  5.70236574]\n",
      " [ 6.23079925  5.51742136  6.24094858  4.84113141  6.16911122  5.94013165\n",
      "   4.82649804  4.98117821  5.02039635  5.13071138  3.75838935  4.905715\n",
      "   6.36163125  6.07129249  7.1183353   7.29991019  5.96146569  5.23855267\n",
      "   5.67257622  5.90237173]\n",
      " [ 6.14010753  5.27390571  6.08816915  5.13355756  6.39678468  6.12704514\n",
      "   5.41616197  6.29002344  5.25938176  6.12028485  3.83249693  5.68254328\n",
      "   6.70248276  6.41289369  7.29991019  9.50012532  5.99164346  6.01459484\n",
      "   5.86142663  6.03040186]\n",
      " [ 5.9777847   5.68707093  6.36884001  4.70817118  6.09182489  6.04957686\n",
      "   4.45661031  4.6004594   5.1969007   4.883369    3.75278219  5.12847848\n",
      "   6.08119386  5.85536464  5.96146569  5.99164346  6.84247695  5.28922571\n",
      "   5.47552669  5.04327693]\n",
      " [ 5.79110427  5.15873333  5.08964861  4.64109447  5.31232918  5.10459406\n",
      "   3.8042805   5.04278742  4.11853029  5.39420652  3.32134872  4.97629853\n",
      "   6.44945735  5.73644682  5.23855267  6.01459484  5.28922571  6.03446742\n",
      "   4.99494465  5.23636401]\n",
      " [ 5.75451037  5.42499206  4.86479941  4.00727385  5.61497257  4.92643946\n",
      "   4.78412201  4.97100901  4.36184046  4.71409546  3.92092593  5.17278444\n",
      "   6.03404879  6.16412539  5.67257622  5.86142663  5.47552669  4.99494465\n",
      "   6.61169287  5.08615366]\n",
      " [ 6.05636299  5.36940271  5.21529275  5.89717266  5.93510321  5.32832003\n",
      "   4.01869939  4.61085804  4.15180785  5.47381829  3.58950132  4.60451951\n",
      "   7.43293555  5.70236574  5.90237173  6.03040186  5.04327693  5.23636401\n",
      "   5.08615366  8.1605727 ]]\n",
      "w [-14.88105119   8.69068246   5.56391428   3.26425236   9.81126017\n",
      "   4.62701308 -17.20608142  24.84481984  29.87743031  -9.49635768\n",
      "  13.62003589  12.47560219 -15.94523547 -13.28126465   5.92634042\n",
      " -13.48856649 -29.98969146   7.04258343   0.43809373   5.12597768]\n",
      "w0 -28.0790058468\n",
      "Accuracy 0.945\n",
      "Precision 0.955631399317\n",
      "Recall 0.933333333333\n",
      "F-Measure 0.944350758853\n"
     ]
    }
   ],
   "source": [
    "testData(readCsv('1_train.csv'), readCsv('1_test.csv'))"
   ]
  },
  {
   "cell_type": "code",
   "execution_count": 11,
   "metadata": {},
   "outputs": [
    {
     "name": "stdout",
     "output_type": "stream",
     "text": [
      "U1 [ 0.93764887  0.95352548  0.98280782  0.96581479  0.9405326   0.98589368\n",
      "  0.99037942  0.94295805  1.01208443  0.95809837  0.99408319  0.94203745\n",
      "  0.99270284  0.93522284  0.97377322  0.96623913  0.99524936  0.88053059\n",
      "  0.96744888  1.00763805]\n",
      "U2 [ 1.27801399  1.26026459  1.25649807  1.1953158   1.18132912  1.25296546\n",
      "  1.27737524  1.23315997  1.29595725  1.24760954  1.28463662  1.23443485\n",
      "  1.25919227  1.30971448  1.20792882  1.25958999  1.23267725  1.18948249\n",
      "  1.2307232   1.20313014]\n",
      "pi 0.4932142857142857\n",
      "S [[ 7.74324131  5.53826411  4.80422318  5.19106882  4.38149587  5.77851032\n",
      "   5.96042789  5.77341115  4.80976661  5.61645192  5.56964799  5.12133164\n",
      "   5.11325932  6.22405301  5.54769895  5.74641815  5.5907825   5.47768377\n",
      "   5.82994051  6.05508882]\n",
      " [ 5.53826411  7.40642097  5.15966791  5.42794621  5.15655824  6.23381724\n",
      "   6.6674432   5.59808488  4.8620397   5.39814389  4.99027058  5.26934222\n",
      "   5.14625018  6.38510965  5.9482866   6.12075168  5.52195867  5.21411255\n",
      "   6.4572594   5.97094789]\n",
      " [ 4.80422318  5.15966791  7.00668132  5.46398196  4.98015458  5.0631269\n",
      "   6.15181198  4.79675451  4.79650027  5.07554591  4.91756673  5.11812309\n",
      "   5.2605094   6.18995532  5.66755997  5.08480747  5.5946868   4.59423058\n",
      "   6.06041395  6.11030455]\n",
      " [ 5.19106882  5.42794621  5.46398196  6.77555481  4.35517529  5.81017357\n",
      "   6.42240799  5.54753382  5.05591319  5.71599789  5.08923481  4.94816212\n",
      "   5.22234606  5.70975314  5.62340904  5.52393769  5.46723109  5.28241687\n",
      "   6.06665502  6.01003953]\n",
      " [ 4.38149587  5.15655824  4.98015458  4.35517529  5.72739001  4.81054496\n",
      "   5.19655941  4.6081973   3.86223893  4.23655429  3.9048938   4.30007782\n",
      "   4.36545698  4.96806232  5.38550218  5.00925711  4.4679011   4.61709509\n",
      "   5.49633308  5.0819924 ]\n",
      " [ 5.77851032  6.23381724  5.0631269   5.81017357  4.81054496  8.0684849\n",
      "   6.88325499  5.45315776  5.73134901  5.85334797  4.91488659  5.13825186\n",
      "   5.60970642  6.71042891  5.96008173  6.10372305  5.87174063  5.45712003\n",
      "   6.85033492  6.36401806]\n",
      " [ 5.96042789  6.6674432   6.15181198  6.42240799  5.19655941  6.88325499\n",
      "   8.55370579  6.13010593  6.07773665  6.3252808   5.89462777  5.85682932\n",
      "   5.773275    7.11989578  6.2363136   6.42797801  6.10737386  5.70578963\n",
      "   7.38324013  6.5520106 ]\n",
      " [ 5.77341115  5.59808488  4.79675451  5.54753382  4.6081973   5.45315776\n",
      "   6.13010593  6.69067566  4.86876409  5.38815381  4.7191107   4.87964828\n",
      "   4.47709229  5.66184842  5.50320526  5.45663839  5.12325971  5.74918118\n",
      "   5.80944472  5.67572518]\n",
      " [ 4.80976661  4.8620397   4.79650027  5.05591319  3.86223893  5.73134901\n",
      "   6.07773665  4.86876409  6.17282152  4.86515266  4.46127341  4.52677367\n",
      "   4.5351026   5.3464588   4.9701882   4.67194974  4.97234959  4.72733966\n",
      "   5.13333709  5.10345778]\n",
      " [ 5.61645192  5.39814389  5.07554591  5.71599789  4.23655429  5.85334797\n",
      "   6.3252808   5.38815381  4.86515266  7.18830075  4.9068553   4.84310299\n",
      "   5.14668468  6.02662757  5.50292109  5.37926306  5.34003365  4.76068485\n",
      "   6.5670097   5.67535619]\n",
      " [ 5.56964799  4.99027058  4.91756673  5.08923481  3.9048938   4.91488659\n",
      "   5.89462777  4.7191107   4.46127341  4.9068553   6.13832537  5.13051043\n",
      "   4.73179207  5.22295059  5.2136892   4.82229298  4.96921509  4.70084859\n",
      "   5.77222257  5.55009613]\n",
      " [ 5.12133164  5.26934222  5.11812309  4.94816212  4.30007782  5.13825186\n",
      "   5.85682932  4.87964828  4.52677367  4.84310299  5.13051043  6.57582194\n",
      "   4.67147735  5.4880663   5.63222321  5.18663151  5.41830888  5.01498706\n",
      "   5.84034532  5.46893551]\n",
      " [ 5.11325932  5.14625018  5.2605094   5.22234606  4.36545698  5.60970642\n",
      "   5.773275    4.47709229  4.5351026   5.14668468  4.73179207  4.67147735\n",
      "   6.39679664  5.63751948  5.73158223  5.49280462  5.41969603  4.71882591\n",
      "   6.02632058  5.60816228]\n",
      " [ 6.22405301  6.38510965  6.18995532  5.70975314  4.96806232  6.71042891\n",
      "   7.11989578  5.66184842  5.3464588   6.02662757  5.22295059  5.4880663\n",
      "   5.63751948  8.38312201  6.21037141  5.96046854  6.42653934  4.73240326\n",
      "   6.64189145  6.53731961]\n",
      " [ 5.54769895  5.9482866   5.66755997  5.62340904  5.38550218  5.96008173\n",
      "   6.2363136   5.50320526  4.9701882   5.50292109  5.2136892   5.63222321\n",
      "   5.73158223  6.21037141  7.55994569  5.7002299   5.77097049  5.50139063\n",
      "   6.30921938  6.49249595]\n",
      " [ 5.74641815  6.12075168  5.08480747  5.52393769  5.00925711  6.10372305\n",
      "   6.42797801  5.45663839  4.67194974  5.37926306  4.82229298  5.18663151\n",
      "   5.49280462  5.96046854  5.7002299   6.88079914  5.52457503  5.63464588\n",
      "   6.47442128  5.97082665]\n",
      " [ 5.5907825   5.52195867  5.5946868   5.46723109  4.4679011   5.87174063\n",
      "   6.10737386  5.12325971  4.97234959  5.34003365  4.96921509  5.41830888\n",
      "   5.41969603  6.42653934  5.77097049  5.52457503  7.02469545  4.80695537\n",
      "   6.03993716  6.41603869]\n",
      " [ 5.47768377  5.21411255  4.59423058  5.28241687  4.61709509  5.45712003\n",
      "   5.70578963  5.74918118  4.72733966  4.76068485  4.70084859  5.01498706\n",
      "   4.71882591  4.73240326  5.50139063  5.63464588  4.80695537  6.8136515\n",
      "   5.73276865  5.56272301]\n",
      " [ 5.82994051  6.4572594   6.06041395  6.06665502  5.49633308  6.85033492\n",
      "   7.38324013  5.80944472  5.13333709  6.5670097   5.77222257  5.84034532\n",
      "   6.02632058  6.64189145  6.30921938  6.47442128  6.03993716  5.73276865\n",
      "   8.69608106  6.74079146]\n",
      " [ 6.05508882  5.97094789  6.11030455  6.01003953  5.0819924   6.36401806\n",
      "   6.5520106   5.67572518  5.10345778  5.67535619  5.55009613  5.46893551\n",
      "   5.60816228  6.53731961  6.49249595  5.97082665  6.41603869  5.56272301\n",
      "   6.74079146  8.15131583]]\n",
      "w [ 0.02464284 -0.0170207   0.00066467  0.03149945 -0.02743455  0.02043042\n",
      "  0.06893759  0.00012959 -0.03661041 -0.03594859 -0.06209093 -0.01966858\n",
      " -0.03294264 -0.09641688  0.06302365 -0.01202011  0.03468251 -0.06320098\n",
      "  0.03414195  0.04172576]\n",
      "w0 0.0646602492869\n",
      "Accuracy 0.500833333333\n",
      "Precision 0.518115942029\n",
      "Recall 0.462035541195\n",
      "F-Measure 0.488471391973\n"
     ]
    }
   ],
   "source": [
    "testData(readCsv('2_train.csv'), readCsv('2_test.csv'))"
   ]
  },
  {
   "cell_type": "code",
   "execution_count": null,
   "metadata": {
    "collapsed": true
   },
   "outputs": [],
   "source": []
  }
 ],
 "metadata": {
  "kernelspec": {
   "display_name": "Python 3",
   "language": "python",
   "name": "python3"
  },
  "language_info": {
   "codemirror_mode": {
    "name": "ipython",
    "version": 3
   },
   "file_extension": ".py",
   "mimetype": "text/x-python",
   "name": "python",
   "nbconvert_exporter": "python",
   "pygments_lexer": "ipython3",
   "version": "3.6.3"
  }
 },
 "nbformat": 4,
 "nbformat_minor": 2
}
