{
 "cells": [
  {
   "cell_type": "code",
   "execution_count": 7,
   "metadata": {
    "collapsed": true
   },
   "outputs": [],
   "source": [
    "%matplotlib inline\n",
    "import numpy as np\n",
    "import pandas as pd\n",
    "from mpl_toolkits.mplot3d import Axes3D\n",
    "import matplotlib.pyplot as plt\n",
    "from random import sample\n"
   ]
  },
  {
   "cell_type": "code",
   "execution_count": 8,
   "metadata": {
    "collapsed": true
   },
   "outputs": [],
   "source": [
    "def readCsv(fileName):\n",
    "    fullFileName = r'C:\\Users\\Owner\\McGill\\4thYear\\COMP551\\Assignments\\Assignment2\\Datasets\\DS' + fileName\n",
    "    df = pd.read_csv(fullFileName, encoding='utf-8', header = None,\n",
    "                 comment='#', sep=',')\n",
    "    \n",
    "    return df"
   ]
  },
  {
   "cell_type": "code",
   "execution_count": 9,
   "metadata": {
    "collapsed": true
   },
   "outputs": [],
   "source": [
    "def createData():\n",
    "    df = readCsv('1_Cov.csv')\n",
    "    meanPositive = readCsv('1_m_1.csv').dropna(axis=1, how='all').as_matrix()\n",
    "    meanNegative = readCsv('1_m_0.csv').dropna(axis=1, how='all').as_matrix()\n",
    "    meanPositive = meanPositive[0,:]\n",
    "    meanNegative = meanNegative[0,:]\n",
    "    \n",
    "    cov = df.dropna(axis=1, how='all').as_matrix()\n",
    "    \n",
    "    distributionPositive = np.random.multivariate_normal(meanPositive, cov, 2000)\n",
    "    distributionNegative = np.random.multivariate_normal(meanNegative, cov, 2000)\n",
    "    \n",
    "    distributionPositive = np.c_[distributionPositive, np.ones(distributionPositive.shape[0])]\n",
    "    distributionNegative = np.c_[distributionNegative, np.zeros(distributionNegative.shape[0])]\n",
    "#     print('Positive', distributionPositive)\n",
    "#     print('Negative', distributionNegative)\n",
    "    distribution = np.concatenate((distributionPositive, distributionNegative), axis=0)\n",
    "    np.random.shuffle(distribution)\n",
    "    distributionTest = distribution[0:1200]\n",
    "    distributionTrain = distribution[1200:] \n",
    "    print(distribution)\n",
    "    print(distributionTest)\n",
    "    print(distributionTrain)\n",
    "    print('original', distribution.shape)\n",
    "    print('train', distributionTrain.shape)\n",
    "    print('test', distributionTest.shape)\n",
    "    return (distribution, distributionTest, distributionTrain)\n"
   ]
  },
  {
   "cell_type": "code",
   "execution_count": 10,
   "metadata": {
    "collapsed": true
   },
   "outputs": [],
   "source": [
    "def toCsv(fileName, npArray):\n",
    "    \n",
    "    fullFileName = r'C:\\Users\\Owner\\McGill\\4thYear\\COMP551\\Assignments\\Assignment2\\Datasets\\DS' + fileName\n",
    "    np.savetxt(fullFileName, npArray, delimiter=',')\n"
   ]
  },
  {
   "cell_type": "code",
   "execution_count": 11,
   "metadata": {},
   "outputs": [
    {
     "name": "stdout",
     "output_type": "stream",
     "text": [
      "[[ 0.34202437  1.35147519  2.52792192 ...,  1.07567635 -2.23509516  0.        ]\n",
      " [ 2.27473906  0.72331772  2.55903595 ..., -0.32376621  0.98610758  0.        ]\n",
      " [ 6.95724059  5.88878613  4.8385471  ...,  2.88931056  3.85766229  0.        ]\n",
      " ..., \n",
      " [ 2.64886532  2.46943597  1.72987447 ...,  4.30558941  3.64403896  0.        ]\n",
      " [ 2.51985751  1.39122851  1.11322351 ...,  0.13196815  2.28450757  1.        ]\n",
      " [-1.88003678 -0.35812245 -2.13434339 ..., -1.15754924  2.11947785  1.        ]]\n",
      "[[ 0.34202437  1.35147519  2.52792192 ...,  1.07567635 -2.23509516  0.        ]\n",
      " [ 2.27473906  0.72331772  2.55903595 ..., -0.32376621  0.98610758  0.        ]\n",
      " [ 6.95724059  5.88878613  4.8385471  ...,  2.88931056  3.85766229  0.        ]\n",
      " ..., \n",
      " [ 0.22473106 -0.26968278  2.15060049 ...,  1.85207128 -1.38497024  1.        ]\n",
      " [ 1.76623179  4.0809592   3.7035515  ...,  2.83982552  2.94995842  0.        ]\n",
      " [ 1.06299512 -0.13768842  2.46645962 ...,  0.38812707 -0.52804695  0.        ]]\n",
      "[[-0.08914377  1.13471938  1.29142313 ...,  0.8753283   0.99120692  1.        ]\n",
      " [ 3.76201602  2.29470164  1.13524659 ...,  3.60176583  4.41664019  0.        ]\n",
      " [ 1.30951979  0.74812762  1.87352446 ..., -0.55318021  2.72741004  1.        ]\n",
      " ..., \n",
      " [ 2.64886532  2.46943597  1.72987447 ...,  4.30558941  3.64403896  0.        ]\n",
      " [ 2.51985751  1.39122851  1.11322351 ...,  0.13196815  2.28450757  1.        ]\n",
      " [-1.88003678 -0.35812245 -2.13434339 ..., -1.15754924  2.11947785  1.        ]]\n",
      "original (4000, 21)\n",
      "train (2800, 21)\n",
      "test (1200, 21)\n"
     ]
    }
   ],
   "source": [
    "def initializeDS1():\n",
    "    fullDistribution, distributionTest, distributionTrain = createData()\n",
    "    toCsv('1_train.csv', distributionTrain)\n",
    "    toCsv('1_test.csv', distributionTest)\n",
    "    toCsv('1.csv', fullDistribution)\n",
    "initializeDS1()\n"
   ]
  },
  {
   "cell_type": "code",
   "execution_count": 12,
   "metadata": {
    "collapsed": true
   },
   "outputs": [],
   "source": [
    "def visualizeStuff():\n",
    "    mean = [10, 10, 10]\n",
    "    cov = [[1, 0, 0], [0, 1, 0], [0, 0, 1]] \n",
    "    x, y, z = np.random.multivariate_normal(mean, cov, 10000).T\n",
    "\n",
    "    fig = plt.figure(figsize=(20,8))\n",
    "    ax = fig.add_subplot(111, projection='3d')\n",
    "\n",
    "    plt.scatter(x, y, z, c='red')\n",
    "    plt.axis('equal')\n",
    "    plt.show()\n",
    "# visualizeStuff()"
   ]
  },
  {
   "cell_type": "code",
   "execution_count": 25,
   "metadata": {},
   "outputs": [
    {
     "name": "stdout",
     "output_type": "stream",
     "text": [
      "[-0.08914377  1.13471938  1.29142313 -0.61206382  0.93574244  1.13285524\n",
      "  1.71492989 -0.66893323  1.1344586   0.20889852  0.43569528 -0.54773379\n",
      " -1.4170407   1.22573711  1.95883942  1.13204014 -0.19855062 -0.25160205\n",
      "  0.8753283   0.99120692]\n",
      "[ 1.92486305  1.88574537  1.91903303  1.9023876   1.87220534  1.92675551\n",
      "  1.90384851  1.93631247  1.92383374  1.88307188  1.93366121  1.8939727\n",
      "  1.8565985   1.92555162  1.90964703  1.86961943  1.91901221  1.90444018\n",
      "  1.92062611  1.86677443]\n",
      "20\n",
      "[[  8.21891289e+03   2.49283473e+03   1.64966789e+03   1.05958724e+04\n",
      "    3.27934742e+03   2.50514017e+03  -2.52127622e+02   1.09517173e+04\n",
      "    2.41708431e+03   6.77324398e+03   5.78023029e+03   1.03031212e+04\n",
      "    1.43034188e+04   2.00704994e+03  -1.44417227e+03   2.29924396e+03\n",
      "    8.61675164e+03   8.94599631e+03   3.72190040e+03   3.04116004e+03]\n",
      " [  2.49283473e+03   8.45085178e+02   6.42173493e+02   3.16170192e+03\n",
      "    1.07900673e+03   8.74124986e+02   8.27057452e+01   3.27191461e+03\n",
      "    8.58244378e+02   2.06351292e+03   1.80494739e+03   3.07226935e+03\n",
      "    4.19140469e+03   7.40810162e+02  -2.44564649e+02   8.07950549e+02\n",
      "    2.61735347e+03   2.69042066e+03   1.21348232e+03   1.00515787e+03]\n",
      " [  1.64966789e+03   6.42173493e+02   5.57115698e+02   2.04377611e+03\n",
      "    7.92658778e+02   6.84972388e+02   2.03052144e+02   2.11883843e+03\n",
      "    6.84551852e+02   1.37409007e+03   1.24269398e+03   1.98399675e+03\n",
      "    2.63684957e+03   6.13296519e+02   1.84205111e+01   6.37709458e+02\n",
      "    1.73565953e+03   1.75904602e+03   8.81880204e+02   7.42292261e+02]\n",
      " [  1.05958724e+04   3.16170192e+03   2.04377611e+03   1.36907349e+04\n",
      "    4.17838891e+03   3.16275767e+03  -4.18185800e+02   1.41481562e+04\n",
      "    3.04290009e+03   8.72674954e+03   7.42161139e+03   1.33136925e+04\n",
      "    1.85260055e+04   2.51022560e+03  -1.97503704e+03   2.89949478e+03\n",
      "    1.11065144e+04   1.15466571e+04   4.74878624e+03   3.87225573e+03]\n",
      " [  3.27934742e+03   1.07900673e+03   7.92658778e+02   4.17838891e+03\n",
      "    1.38843500e+03   1.10790710e+03   5.02946240e+01   4.32253552e+03\n",
      "    1.08303649e+03   2.71120515e+03   2.35539474e+03   4.06097466e+03\n",
      "    5.56782118e+03   9.26003150e+02  -3.92833104e+02   1.02222319e+03\n",
      "    3.44173705e+03   3.54770585e+03   1.56524804e+03   1.29187623e+03]\n",
      " [  2.50514017e+03   8.74124986e+02   6.84972388e+02   3.16275767e+03\n",
      "    1.10790710e+03   9.10379775e+02   1.27592606e+02   3.27415242e+03\n",
      "    8.97446185e+02   2.07625762e+03   1.82832500e+03   3.07270487e+03\n",
      "    4.17104985e+03   7.81369027e+02  -1.91713854e+02   8.42837766e+02\n",
      "    2.63135004e+03   2.69729085e+03   1.24311558e+03   1.03324507e+03]\n",
      " [ -2.52127622e+02   8.27057452e+01   2.03052144e+02  -4.18185800e+02\n",
      "    5.02946240e+01   1.27592606e+02   2.92434607e+02  -4.25018070e+02\n",
      "    1.49659004e+02  -1.91402755e+02  -8.47112479e+01  -4.10349445e+02\n",
      "   -7.01501156e+02   1.74634259e+02   3.90318848e+02   1.27246069e+02\n",
      "   -2.57441643e+02  -3.15465229e+02   3.71607806e+01   5.47298032e+01]\n",
      " [  1.09517173e+04   3.27191461e+03   2.11883843e+03   1.41481562e+04\n",
      "    4.32253552e+03   3.27415242e+03  -4.25018070e+02   1.46210427e+04\n",
      "    3.15076017e+03   9.02023785e+03   7.67319977e+03   1.37584225e+04\n",
      "    1.91415158e+04   2.60051071e+03  -2.03260037e+03   3.00187950e+03\n",
      "    1.14796829e+04   1.19333930e+04   4.91209991e+03   4.00604863e+03]\n",
      " [  2.41708431e+03   8.58244378e+02   6.84551852e+02   3.04290009e+03\n",
      "    1.08303649e+03   8.97446185e+02   1.49659004e+02   3.15076017e+03\n",
      "    8.86773215e+02   2.00480432e+03   1.77269573e+03   2.95590594e+03\n",
      "    3.99993555e+03   7.75932313e+02  -1.52705406e+02   8.31656914e+02\n",
      "    2.53950049e+03   2.59865409e+03   1.21353362e+03   1.01073103e+03]\n",
      " [  6.77324398e+03   2.06351292e+03   1.37409007e+03   8.72674954e+03\n",
      "    2.71120515e+03   2.07625762e+03  -1.91402755e+02   9.02023785e+03\n",
      "    2.00480432e+03   5.58280361e+03   4.76884138e+03   8.48542606e+03\n",
      "    1.17724008e+04   1.66760621e+03  -1.17024514e+03   1.90619436e+03\n",
      "    7.10150107e+03   7.37007642e+03   3.07594053e+03   2.51474865e+03]\n",
      " [  5.78023029e+03   1.80494739e+03   1.24269398e+03   7.42161139e+03\n",
      "    2.35539474e+03   1.82832500e+03  -8.47112479e+01   7.67319977e+03\n",
      "    1.77269573e+03   4.76884138e+03   4.09526624e+03   7.21535191e+03\n",
      "    9.97390910e+03   1.48835749e+03  -9.03112465e+02   1.68135427e+03\n",
      "    6.06226517e+03   6.27822934e+03   2.66677900e+03   2.18694730e+03]\n",
      " [  1.03031212e+04   3.07226935e+03   1.98399675e+03   1.33136925e+04\n",
      "    4.06097466e+03   3.07270487e+03  -4.10349445e+02   1.37584225e+04\n",
      "    2.95590594e+03   8.48542606e+03   7.21535191e+03   1.29470823e+04\n",
      "    1.80175849e+04   2.43778673e+03  -1.92498742e+03   2.81680261e+03\n",
      "    1.07995647e+04   1.12281726e+04   4.61560683e+03   3.76333708e+03]\n",
      " [  1.43034188e+04   4.19140469e+03   2.63684957e+03   1.85260055e+04\n",
      "    5.56782118e+03   4.17104985e+03  -7.01501156e+02   1.91415158e+04\n",
      "    3.99993555e+03   1.17724008e+04   9.97390910e+03   1.80175849e+04\n",
      "    2.51347583e+04   3.27491068e+03  -2.83260593e+03   3.81887594e+03\n",
      "    1.49894214e+04   1.56066316e+04   6.33759053e+03   5.15595228e+03]\n",
      " [  2.00704994e+03   7.40810162e+02   6.13296519e+02   2.51022560e+03\n",
      "    9.26003150e+02   7.81369027e+02   1.74634259e+02   2.60051071e+03\n",
      "    7.75932313e+02   1.66760621e+03   1.48835749e+03   2.43778673e+03\n",
      "    3.27491068e+03   6.86087467e+02  -6.55901576e+01   7.25561620e+02\n",
      "    2.10991832e+03   2.15055945e+03   1.03444095e+03   8.65455612e+02]\n",
      " [ -1.44417227e+03  -2.44564649e+02   1.84205111e+01  -1.97503704e+03\n",
      "   -3.92833104e+02  -1.91713854e+02   3.90318848e+02  -2.03260037e+03\n",
      "   -1.52705406e+02  -1.17024514e+03  -9.03112465e+02  -1.92498742e+03\n",
      "   -2.83260593e+03  -6.55901576e+01   6.74299254e+02  -1.63632832e+02\n",
      "   -1.50570356e+03  -1.62180112e+03  -4.70058180e+02  -3.54470451e+02]\n",
      " [  2.29924396e+03   8.07950549e+02   6.37709458e+02   2.89949478e+03\n",
      "    1.02222319e+03   8.42837766e+02   1.27246069e+02   3.00187950e+03\n",
      "    8.31656914e+02   1.90619436e+03   1.68135427e+03   2.81680261e+03\n",
      "    3.81887594e+03   7.25561620e+02  -1.63632832e+02   7.80609693e+02\n",
      "    2.41532613e+03   2.47414039e+03   1.14633470e+03   9.53595312e+02]\n",
      " [  8.61675164e+03   2.61735347e+03   1.73565953e+03   1.11065144e+04\n",
      "    3.44173705e+03   2.63135004e+03  -2.57441643e+02   1.14796829e+04\n",
      "    2.53950049e+03   7.10150107e+03   6.06226517e+03   1.07995647e+04\n",
      "    1.49894214e+04   2.10991832e+03  -1.50570356e+03   2.41532613e+03\n",
      "    9.03401464e+03   9.37803665e+03   3.90572262e+03   3.19195064e+03]\n",
      " [  8.94599631e+03   2.69042066e+03   1.75904602e+03   1.15466571e+04\n",
      "    3.54770585e+03   2.69729085e+03  -3.15465229e+02   1.19333930e+04\n",
      "    2.59865409e+03   7.37007642e+03   6.27822934e+03   1.12281726e+04\n",
      "    1.56066316e+04   2.15055945e+03  -1.62180112e+03   2.47414039e+03\n",
      "    9.37803665e+03   9.74331495e+03   4.02934540e+03   3.28886117e+03]\n",
      " [  3.72190040e+03   1.21348232e+03   8.81880204e+02   4.74878624e+03\n",
      "    1.56524804e+03   1.24311558e+03   3.71607806e+01   4.91209991e+03\n",
      "    1.21353362e+03   3.07594053e+03   2.66677900e+03   4.61560683e+03\n",
      "    6.33759053e+03   1.03444095e+03  -4.70058180e+02   1.14633470e+03\n",
      "    3.90572262e+03   4.02934540e+03   1.76589133e+03   1.45585945e+03]\n",
      " [  3.04116004e+03   1.00515787e+03   7.42292261e+02   3.87225573e+03\n",
      "    1.29187623e+03   1.03324507e+03   5.47298032e+01   4.00604863e+03\n",
      "    1.01073103e+03   2.51474865e+03   2.18694730e+03   3.76333708e+03\n",
      "    5.15595228e+03   8.65455612e+02  -3.54470451e+02   9.53595312e+02\n",
      "    3.19195064e+03   3.28886117e+03   1.45585945e+03   1.20224920e+03]]\n"
     ]
    }
   ],
   "source": [
    "def runLDA():\n",
    "    dfTrain = readCsv('1_train.csv')\n",
    "    N1, N2, pi, U1, U2 = np.zeros(5)\n",
    "    Y = dfTrain[20].as_matrix()\n",
    "    dfTrain = dfTrain.iloc[:,0:20]\n",
    "    S = np.zeros((20,20))\n",
    "    S1 = np.zeros((20,20))\n",
    "    S2 = np.zeros((20,20))\n",
    "    N1 = np.count_nonzero(Y)\n",
    "    N2 = 2800 - N1\n",
    "    pi = N1/(N1+N2)\n",
    "#     print(S)\n",
    "    \n",
    "    for i in range(0, len(dfTrain)):\n",
    "        U1 = U1 + Y[i]*dfTrain.iloc[i,:].as_matrix()\n",
    "        U2 = U2 + (1-Y[i])*dfTrain.iloc[i,:].as_matrix()\n",
    "    U1 = U1/N1\n",
    "    U2 = U2/N2\n",
    "    \n",
    "    print(dfTrain.iloc[0,:].as_matrix())\n",
    "    print(U1)\n",
    "    print(np.subtract(dfTrain.iloc[0,:].as_matrix(), U1).size)\n",
    "#     print(np.zeros(20).size)\n",
    "\n",
    "    for i in range(0, len(dfTrain)):\n",
    "        xSubMean = np.zeros(20)\n",
    "        if (Y[i]==1):\n",
    "            xSubMean = np.subtract(dfTrain.iloc[0,:].as_matrix(), U1)   \n",
    "            S1 = S1 + np.outer(xSubMean, xSubMean)\n",
    "        elif (Y[i]==0):\n",
    "            xSubMean = np.subtract(dfTrain.iloc[0,:].as_matrix(), U2)\n",
    "            S2 = S2 + np.outer(xSubMean, xSubMean)\n",
    "        \n",
    "        S = S + np.outer(xSubMean, xSubMean)\n",
    "        \n",
    "    print(S)\n",
    "        \n",
    "#     print(U1)\n",
    "#     print(U2)\n",
    "    \n",
    "#     for i in range(0)\n",
    "\n",
    "#     print(dfTrain)\n",
    "    test = dfTrain.iloc[0,:].as_matrix()\n",
    "    \n",
    "#     print(test)\n",
    "#     print(test.transpose())\n",
    "#     print(np.dot(test,test))\n",
    "#     print(np.outer(test, test).size)\n",
    "#     for i in range(0, len(dfTrain)):\n",
    "#         print(dfTrain.iloc[i,20])\n",
    "#         U1 += dfTrain.iloc[i,20]*\n",
    "runLDA()\n"
   ]
  },
  {
   "cell_type": "code",
   "execution_count": null,
   "metadata": {
    "collapsed": true
   },
   "outputs": [],
   "source": []
  },
  {
   "cell_type": "code",
   "execution_count": null,
   "metadata": {
    "collapsed": true
   },
   "outputs": [],
   "source": []
  },
  {
   "cell_type": "code",
   "execution_count": null,
   "metadata": {
    "collapsed": true
   },
   "outputs": [],
   "source": []
  }
 ],
 "metadata": {
  "kernelspec": {
   "display_name": "Python 3",
   "language": "python",
   "name": "python3"
  },
  "language_info": {
   "codemirror_mode": {
    "name": "ipython",
    "version": 3
   },
   "file_extension": ".py",
   "mimetype": "text/x-python",
   "name": "python",
   "nbconvert_exporter": "python",
   "pygments_lexer": "ipython3",
   "version": "3.6.3"
  }
 },
 "nbformat": 4,
 "nbformat_minor": 2
}
