{
 "cells": [
  {
   "cell_type": "code",
   "execution_count": 7,
   "metadata": {
    "collapsed": true
   },
   "outputs": [],
   "source": [
    "%matplotlib inline\n",
    "import numpy as np\n",
    "import pandas as pd\n",
    "from mpl_toolkits.mplot3d import Axes3D\n",
    "import matplotlib.pyplot as plt\n",
    "from random import sample\n"
   ]
  },
  {
   "cell_type": "code",
   "execution_count": 8,
   "metadata": {
    "collapsed": true
   },
   "outputs": [],
   "source": [
    "def readCsv(fileName):\n",
    "    fullFileName = r'C:\\Users\\Owner\\McGill\\4thYear\\COMP551\\Assignments\\Assignment2\\Datasets\\DS' + fileName\n",
    "    df = pd.read_csv(fullFileName, encoding='utf-8', header = None,\n",
    "                 comment='#', sep=',')\n",
    "    \n",
    "    return df"
   ]
  },
  {
   "cell_type": "code",
   "execution_count": 9,
   "metadata": {
    "collapsed": true
   },
   "outputs": [],
   "source": [
    "def createData():\n",
    "    df = readCsv('1_Cov.csv')\n",
    "    meanPositive = readCsv('1_m_1.csv').dropna(axis=1, how='all').as_matrix()\n",
    "    meanNegative = readCsv('1_m_0.csv').dropna(axis=1, how='all').as_matrix()\n",
    "    meanPositive = meanPositive[0,:]\n",
    "    meanNegative = meanNegative[0,:]\n",
    "    \n",
    "    cov = df.dropna(axis=1, how='all').as_matrix()\n",
    "    \n",
    "    distributionPositive = np.random.multivariate_normal(meanPositive, cov, 2000)\n",
    "    distributionNegative = np.random.multivariate_normal(meanNegative, cov, 2000)\n",
    "    \n",
    "    distributionPositive = np.c_[distributionPositive, np.ones(distributionPositive.shape[0])]\n",
    "    distributionNegative = np.c_[distributionNegative, np.zeros(distributionNegative.shape[0])]\n",
    "#     print('Positive', distributionPositive)\n",
    "#     print('Negative', distributionNegative)\n",
    "    distribution = np.concatenate((distributionPositive, distributionNegative), axis=0)\n",
    "    np.random.shuffle(distribution)\n",
    "    distributionTest = distribution[0:1200]\n",
    "    distributionTrain = distribution[1200:] \n",
    "    print(distribution)\n",
    "    print(distributionTest)\n",
    "    print(distributionTrain)\n",
    "    print('original', distribution.shape)\n",
    "    print('train', distributionTrain.shape)\n",
    "    print('test', distributionTest.shape)\n",
    "    return (distribution, distributionTest, distributionTrain)\n"
   ]
  },
  {
   "cell_type": "code",
   "execution_count": 10,
   "metadata": {
    "collapsed": true
   },
   "outputs": [],
   "source": [
    "def toCsv(fileName, npArray):\n",
    "    \n",
    "    fullFileName = r'C:\\Users\\Owner\\McGill\\4thYear\\COMP551\\Assignments\\Assignment2\\Datasets\\DS' + fileName\n",
    "    np.savetxt(fullFileName, npArray, delimiter=',')\n"
   ]
  },
  {
   "cell_type": "code",
   "execution_count": 11,
   "metadata": {},
   "outputs": [
    {
     "name": "stdout",
     "output_type": "stream",
     "text": [
      "[[ 0.34202437  1.35147519  2.52792192 ...,  1.07567635 -2.23509516  0.        ]\n",
      " [ 2.27473906  0.72331772  2.55903595 ..., -0.32376621  0.98610758  0.        ]\n",
      " [ 6.95724059  5.88878613  4.8385471  ...,  2.88931056  3.85766229  0.        ]\n",
      " ..., \n",
      " [ 2.64886532  2.46943597  1.72987447 ...,  4.30558941  3.64403896  0.        ]\n",
      " [ 2.51985751  1.39122851  1.11322351 ...,  0.13196815  2.28450757  1.        ]\n",
      " [-1.88003678 -0.35812245 -2.13434339 ..., -1.15754924  2.11947785  1.        ]]\n",
      "[[ 0.34202437  1.35147519  2.52792192 ...,  1.07567635 -2.23509516  0.        ]\n",
      " [ 2.27473906  0.72331772  2.55903595 ..., -0.32376621  0.98610758  0.        ]\n",
      " [ 6.95724059  5.88878613  4.8385471  ...,  2.88931056  3.85766229  0.        ]\n",
      " ..., \n",
      " [ 0.22473106 -0.26968278  2.15060049 ...,  1.85207128 -1.38497024  1.        ]\n",
      " [ 1.76623179  4.0809592   3.7035515  ...,  2.83982552  2.94995842  0.        ]\n",
      " [ 1.06299512 -0.13768842  2.46645962 ...,  0.38812707 -0.52804695  0.        ]]\n",
      "[[-0.08914377  1.13471938  1.29142313 ...,  0.8753283   0.99120692  1.        ]\n",
      " [ 3.76201602  2.29470164  1.13524659 ...,  3.60176583  4.41664019  0.        ]\n",
      " [ 1.30951979  0.74812762  1.87352446 ..., -0.55318021  2.72741004  1.        ]\n",
      " ..., \n",
      " [ 2.64886532  2.46943597  1.72987447 ...,  4.30558941  3.64403896  0.        ]\n",
      " [ 2.51985751  1.39122851  1.11322351 ...,  0.13196815  2.28450757  1.        ]\n",
      " [-1.88003678 -0.35812245 -2.13434339 ..., -1.15754924  2.11947785  1.        ]]\n",
      "original (4000, 21)\n",
      "train (2800, 21)\n",
      "test (1200, 21)\n"
     ]
    }
   ],
   "source": [
    "def initializeDS1():\n",
    "    fullDistribution, distributionTest, distributionTrain = createData()\n",
    "    toCsv('1_train.csv', distributionTrain)\n",
    "    toCsv('1_test.csv', distributionTest)\n",
    "    toCsv('1.csv', fullDistribution)\n",
    "initializeDS1()\n"
   ]
  },
  {
   "cell_type": "code",
   "execution_count": 12,
   "metadata": {
    "collapsed": true
   },
   "outputs": [],
   "source": [
    "def visualizeStuff():\n",
    "    mean = [10, 10, 10]\n",
    "    cov = [[1, 0, 0], [0, 1, 0], [0, 0, 1]] \n",
    "    x, y, z = np.random.multivariate_normal(mean, cov, 10000).T\n",
    "\n",
    "    fig = plt.figure(figsize=(20,8))\n",
    "    ax = fig.add_subplot(111, projection='3d')\n",
    "\n",
    "    plt.scatter(x, y, z, c='red')\n",
    "    plt.axis('equal')\n",
    "    plt.show()\n",
    "# visualizeStuff()"
   ]
  },
  {
   "cell_type": "code",
   "execution_count": 52,
   "metadata": {},
   "outputs": [
    {
     "data": {
      "text/plain": [
       "(array([ 1.92486305,  1.88574537,  1.91903303,  1.9023876 ,  1.87220534,\n",
       "         1.92675551,  1.90384851,  1.93631247,  1.92383374,  1.88307188,\n",
       "         1.93366121,  1.8939727 ,  1.8565985 ,  1.92555162,  1.90964703,\n",
       "         1.86961943,  1.91901221,  1.90444018,  1.92062611,  1.86677443]),\n",
       " array([ 1.2578635 ,  1.33369734,  1.22781812,  1.24713771,  1.2745293 ,\n",
       "         1.2742541 ,  1.29876692,  1.24321133,  1.23592936,  1.29741145,\n",
       "         1.26109714,  1.26499492,  1.27306806,  1.24368497,  1.26658048,\n",
       "         1.24846667,  1.20458703,  1.26859286,  1.28606356,  1.29473774]),\n",
       " 0.5,\n",
       " array([[  2.93532603e+00,   8.90298118e-01,   5.89167105e-01,\n",
       "           3.78424016e+00,   1.17119551e+00,   8.94692917e-01,\n",
       "          -9.00455793e-02,   3.91132761e+00,   8.63244395e-01,\n",
       "           2.41901571e+00,   2.06436796e+00,   3.67968614e+00,\n",
       "           5.10836387e+00,   7.16803550e-01,  -5.15775810e-01,\n",
       "           8.21158558e-01,   3.07741130e+00,   3.19499868e+00,\n",
       "           1.32925014e+00,   1.08612858e+00],\n",
       "        [  8.90298118e-01,   3.01816135e-01,   2.29347676e-01,\n",
       "           1.12917926e+00,   3.85359546e-01,   3.12187495e-01,\n",
       "           2.95377661e-02,   1.16854093e+00,   3.06515849e-01,\n",
       "           7.36968900e-01,   6.44624067e-01,   1.09723905e+00,\n",
       "           1.49693025e+00,   2.64575058e-01,  -8.73445174e-02,\n",
       "           2.88553767e-01,   9.34769098e-01,   9.60864523e-01,\n",
       "           4.33386542e-01,   3.58984952e-01],\n",
       "        [  5.89167105e-01,   2.29347676e-01,   1.98969892e-01,\n",
       "           7.29920038e-01,   2.83092421e-01,   2.44632996e-01,\n",
       "           7.25186228e-02,   7.56728011e-01,   2.44482804e-01,\n",
       "           4.90746452e-01,   4.43819279e-01,   7.08570269e-01,\n",
       "           9.41731989e-01,   2.19034471e-01,   6.57875395e-03,\n",
       "           2.27753378e-01,   6.19878405e-01,   6.28230720e-01,\n",
       "           3.14957216e-01,   2.65104379e-01],\n",
       "        [  3.78424016e+00,   1.12917926e+00,   7.29920038e-01,\n",
       "           4.88954817e+00,   1.49228175e+00,   1.12955631e+00,\n",
       "          -1.49352072e-01,   5.05291293e+00,   1.08675003e+00,\n",
       "           3.11669626e+00,   2.65057549e+00,   4.75489019e+00,\n",
       "           6.61643055e+00,   8.96509143e-01,  -7.05370372e-01,\n",
       "           1.03553385e+00,   3.96661228e+00,   4.12380609e+00,\n",
       "           1.69599509e+00,   1.38294848e+00],\n",
       "        [  1.17119551e+00,   3.85359546e-01,   2.83092421e-01,\n",
       "           1.49228175e+00,   4.95869642e-01,   3.95681106e-01,\n",
       "           1.79623657e-02,   1.54376268e+00,   3.86798748e-01,\n",
       "           9.68287555e-01,   8.41212407e-01,   1.45034809e+00,\n",
       "           1.98850757e+00,   3.30715411e-01,  -1.40297537e-01,\n",
       "           3.65079709e-01,   1.22919180e+00,   1.26703780e+00,\n",
       "           5.59017156e-01,   4.61384369e-01],\n",
       "        [  8.94692917e-01,   3.12187495e-01,   2.44632996e-01,\n",
       "           1.12955631e+00,   3.95681106e-01,   3.25135634e-01,\n",
       "           4.55687878e-02,   1.16934015e+00,   3.20516495e-01,\n",
       "           7.41520580e-01,   6.52973215e-01,   1.09739459e+00,\n",
       "           1.48966066e+00,   2.79060367e-01,  -6.84692337e-02,\n",
       "           3.01013488e-01,   9.39767873e-01,   9.63318159e-01,\n",
       "           4.43969849e-01,   3.69016095e-01],\n",
       "        [ -9.00455793e-02,   2.95377661e-02,   7.25186228e-02,\n",
       "          -1.49352072e-01,   1.79623657e-02,   4.55687878e-02,\n",
       "           1.04440931e-01,  -1.51792168e-01,   5.34496442e-02,\n",
       "          -6.83581268e-02,  -3.02540171e-02,  -1.46553373e-01,\n",
       "          -2.50536127e-01,   6.23693781e-02,   1.39399588e-01,\n",
       "           4.54450246e-02,  -9.19434439e-02,  -1.12666153e-01,\n",
       "           1.32717074e-02,   1.95463583e-02],\n",
       "        [  3.91132761e+00,   1.16854093e+00,   7.56728011e-01,\n",
       "           5.05291293e+00,   1.54376268e+00,   1.16934015e+00,\n",
       "          -1.51792168e-01,   5.22180097e+00,   1.12527149e+00,\n",
       "           3.22151352e+00,   2.74042849e+00,   4.91372233e+00,\n",
       "           6.83625563e+00,   9.28753826e-01,  -7.25928702e-01,\n",
       "           1.07209982e+00,   4.09988673e+00,   4.26192609e+00,\n",
       "           1.75432139e+00,   1.43073165e+00],\n",
       "        [  8.63244395e-01,   3.06515849e-01,   2.44482804e-01,\n",
       "           1.08675003e+00,   3.86798748e-01,   3.20516495e-01,\n",
       "           5.34496442e-02,   1.12527149e+00,   3.16704720e-01,\n",
       "           7.16001544e-01,   6.33105619e-01,   1.05568069e+00,\n",
       "           1.42854841e+00,   2.77118683e-01,  -5.45376451e-02,\n",
       "           2.97020326e-01,   9.06964459e-01,   9.28090748e-01,\n",
       "           4.33404865e-01,   3.60975369e-01],\n",
       "        [  2.41901571e+00,   7.36968900e-01,   4.90746452e-01,\n",
       "           3.11669626e+00,   9.68287555e-01,   7.41520580e-01,\n",
       "          -6.83581268e-02,   3.22151352e+00,   7.16001544e-01,\n",
       "           1.99385843e+00,   1.70315764e+00,   3.03050931e+00,\n",
       "           4.20442887e+00,   5.95573648e-01,  -4.17944693e-01,\n",
       "           6.80783698e-01,   2.53625038e+00,   2.63217015e+00,\n",
       "           1.09855019e+00,   8.98124518e-01],\n",
       "        [  2.06436796e+00,   6.44624067e-01,   4.43819279e-01,\n",
       "           2.65057549e+00,   8.41212407e-01,   6.52973215e-01,\n",
       "          -3.02540171e-02,   2.74042849e+00,   6.33105619e-01,\n",
       "           1.70315764e+00,   1.46259509e+00,   2.57691140e+00,\n",
       "           3.56211039e+00,   5.31556248e-01,  -3.22540166e-01,\n",
       "           6.00483667e-01,   2.16509470e+00,   2.24222476e+00,\n",
       "           9.52421073e-01,   7.81052606e-01],\n",
       "        [  3.67968614e+00,   1.09723905e+00,   7.08570269e-01,\n",
       "           4.75489019e+00,   1.45034809e+00,   1.09739459e+00,\n",
       "          -1.46553373e-01,   4.91372233e+00,   1.05568069e+00,\n",
       "           3.03050931e+00,   2.57691140e+00,   4.62395798e+00,\n",
       "           6.43485173e+00,   8.70638118e-01,  -6.87495508e-01,\n",
       "           1.00600093e+00,   3.85698740e+00,   4.01006163e+00,\n",
       "           1.64843101e+00,   1.34404896e+00],\n",
       "        [  5.10836387e+00,   1.49693025e+00,   9.41731989e-01,\n",
       "           6.61643055e+00,   1.98850757e+00,   1.48966066e+00,\n",
       "          -2.50536127e-01,   6.83625563e+00,   1.42854841e+00,\n",
       "           4.20442887e+00,   3.56211039e+00,   6.43485173e+00,\n",
       "           8.97669938e+00,   1.16961096e+00,  -1.01164498e+00,\n",
       "           1.36388426e+00,   5.35336479e+00,   5.57379701e+00,\n",
       "           2.26342519e+00,   1.84141153e+00],\n",
       "        [  7.16803550e-01,   2.64575058e-01,   2.19034471e-01,\n",
       "           8.96509143e-01,   3.30715411e-01,   2.79060367e-01,\n",
       "           6.23693781e-02,   9.28753826e-01,   2.77118683e-01,\n",
       "           5.95573648e-01,   5.31556248e-01,   8.70638118e-01,\n",
       "           1.16961096e+00,   2.45031238e-01,  -2.34250563e-02,\n",
       "           2.59129150e-01,   7.53542257e-01,   7.68056945e-01,\n",
       "           3.69443196e-01,   3.09091290e-01],\n",
       "        [ -5.15775810e-01,  -8.73445174e-02,   6.57875395e-03,\n",
       "          -7.05370372e-01,  -1.40297537e-01,  -6.84692337e-02,\n",
       "           1.39399588e-01,  -7.25928702e-01,  -5.45376451e-02,\n",
       "          -4.17944693e-01,  -3.22540166e-01,  -6.87495508e-01,\n",
       "          -1.01164498e+00,  -2.34250563e-02,   2.40821162e-01,\n",
       "          -5.84402971e-02,  -5.37751273e-01,  -5.79214685e-01,\n",
       "          -1.67877921e-01,  -1.26596590e-01],\n",
       "        [  8.21158558e-01,   2.88553767e-01,   2.27753378e-01,\n",
       "           1.03553385e+00,   3.65079709e-01,   3.01013488e-01,\n",
       "           4.54450246e-02,   1.07209982e+00,   2.97020326e-01,\n",
       "           6.80783698e-01,   6.00483667e-01,   1.00600093e+00,\n",
       "           1.36388426e+00,   2.59129150e-01,  -5.84402971e-02,\n",
       "           2.78789176e-01,   8.62616474e-01,   8.83621566e-01,\n",
       "           4.09405249e-01,   3.40569754e-01],\n",
       "        [  3.07741130e+00,   9.34769098e-01,   6.19878405e-01,\n",
       "           3.96661228e+00,   1.22919180e+00,   9.39767873e-01,\n",
       "          -9.19434439e-02,   4.09988673e+00,   9.06964459e-01,\n",
       "           2.53625038e+00,   2.16509470e+00,   3.85698740e+00,\n",
       "           5.35336479e+00,   7.53542257e-01,  -5.37751273e-01,\n",
       "           8.62616474e-01,   3.22643380e+00,   3.34929880e+00,\n",
       "           1.39490094e+00,   1.13998237e+00],\n",
       "        [  3.19499868e+00,   9.60864523e-01,   6.28230720e-01,\n",
       "           4.12380609e+00,   1.26703780e+00,   9.63318159e-01,\n",
       "          -1.12666153e-01,   4.26192609e+00,   9.28090748e-01,\n",
       "           2.63217015e+00,   2.24222476e+00,   4.01006163e+00,\n",
       "           5.57379701e+00,   7.68056945e-01,  -5.79214685e-01,\n",
       "           8.83621566e-01,   3.34929880e+00,   3.47975534e+00,\n",
       "           1.43905193e+00,   1.17459327e+00],\n",
       "        [  1.32925014e+00,   4.33386542e-01,   3.14957216e-01,\n",
       "           1.69599509e+00,   5.59017156e-01,   4.43969849e-01,\n",
       "           1.32717074e-02,   1.75432139e+00,   4.33404865e-01,\n",
       "           1.09855019e+00,   9.52421073e-01,   1.64843101e+00,\n",
       "           2.26342519e+00,   3.69443196e-01,  -1.67877921e-01,\n",
       "           4.09405249e-01,   1.39490094e+00,   1.43905193e+00,\n",
       "           6.30675475e-01,   5.19949804e-01],\n",
       "        [  1.08612858e+00,   3.58984952e-01,   2.65104379e-01,\n",
       "           1.38294848e+00,   4.61384369e-01,   3.69016095e-01,\n",
       "           1.95463583e-02,   1.43073165e+00,   3.60975369e-01,\n",
       "           8.98124518e-01,   7.81052606e-01,   1.34404896e+00,\n",
       "           1.84141153e+00,   3.09091290e-01,  -1.26596590e-01,\n",
       "           3.40569754e-01,   1.13998237e+00,   1.17459327e+00,\n",
       "           5.19949804e-01,   4.29374714e-01]]))"
      ]
     },
     "execution_count": 52,
     "metadata": {},
     "output_type": "execute_result"
    }
   ],
   "source": [
    "def runLDA():\n",
    "    dfTrain = readCsv('1_train.csv')\n",
    "    N, N1, N2, pi, U1, U2 = np.zeros(6)\n",
    "    Y = dfTrain[20].as_matrix()\n",
    "    dfTrain = dfTrain.iloc[:,0:20]\n",
    "    S = np.zeros((20,20))\n",
    "    S1 = np.zeros((20,20))\n",
    "    S2 = np.zeros((20,20))\n",
    "    N = len(dfTrain)\n",
    "    N1 = np.count_nonzero(Y)\n",
    "    N2 = N - N1\n",
    "    pi = N1/N\n",
    "    \n",
    "    for i in range(0, len(dfTrain)):\n",
    "        U1 = U1 + Y[i]*dfTrain.iloc[i,:].as_matrix()\n",
    "        U2 = U2 + (1-Y[i])*dfTrain.iloc[i,:].as_matrix()\n",
    "    U1 = U1/N1\n",
    "    U2 = U2/N2\n",
    "    \n",
    "    for i in range(0, len(dfTrain)):\n",
    "        xSubMean = np.zeros(20)\n",
    "        if (Y[i]==1):\n",
    "            xSubMean = np.subtract(dfTrain.iloc[0,:].as_matrix(), U1)   \n",
    "            S1 = S1 + np.outer(xSubMean, xSubMean)\n",
    "        elif (Y[i]==0):\n",
    "            xSubMean = np.subtract(dfTrain.iloc[0,:].as_matrix(), U2)\n",
    "            S2 = S2 + np.outer(xSubMean, xSubMean)\n",
    "        \n",
    "    S = np.add(S1, S2)\n",
    "    S = np.divide(S, N)\n",
    "    return (U1, U2, pi, S)\n",
    "\n",
    "runLDA()\n"
   ]
  },
  {
   "cell_type": "code",
   "execution_count": 59,
   "metadata": {},
   "outputs": [
    {
     "name": "stdout",
     "output_type": "stream",
     "text": [
      "[ 0.06762695  1.42578125 -0.6015625  -0.08203125  0.59570312 -1.1953125\n",
      "  1.6796875  -0.48828125  0.91796875 -0.51074219  0.52148438  0.17773438\n",
      "  0.04296875  0.0859375   1.515625    1.3125      0.19750977 -0.66796875\n",
      "  0.70605469  0.93847656]\n"
     ]
    },
    {
     "data": {
      "text/plain": [
       "(array([ 0.06762695,  1.42578125, -0.6015625 , -0.08203125,  0.59570312,\n",
       "        -1.1953125 ,  1.6796875 , -0.48828125,  0.91796875, -0.51074219,\n",
       "         0.52148438,  0.17773438,  0.04296875,  0.0859375 ,  1.515625  ,\n",
       "         1.3125    ,  0.19750977, -0.66796875,  0.70605469,  0.93847656]),\n",
       " -10.58203125)"
      ]
     },
     "execution_count": 59,
     "metadata": {},
     "output_type": "execute_result"
    }
   ],
   "source": [
    "def linearDecisionBoundary():\n",
    "    U1, U2, pi, S = runLDA()\n",
    "    invS = np.linalg.inv(S)\n",
    "    w = np.dot(invS, np.subtract(U1, U2))\n",
    "    w0 = 0\n",
    "    w0 = np.divide(np.dot(U1.T, np.dot(invS, U1)), -2)\n",
    "    w0 = w0 + np.divide(np.dot(U2.T, np.dot(invS, U2)), 2)\n",
    "    w0 = w0 + np.log(pi/(1-pi))\n",
    "    \n",
    "#     print(w)\n",
    "    return (w, w0)\n",
    "\n",
    "linearDecisionBoundary()"
   ]
  },
  {
   "cell_type": "code",
   "execution_count": 57,
   "metadata": {},
   "outputs": [
    {
     "name": "stdout",
     "output_type": "stream",
     "text": [
      "0.5\n"
     ]
    },
    {
     "ename": "TypeError",
     "evalue": "'NoneType' object is not iterable",
     "output_type": "error",
     "traceback": [
      "\u001b[1;31m---------------------------------------------------------------------------\u001b[0m",
      "\u001b[1;31mTypeError\u001b[0m                                 Traceback (most recent call last)",
      "\u001b[1;32m<ipython-input-57-33e11fd0dac3>\u001b[0m in \u001b[0;36m<module>\u001b[1;34m()\u001b[0m\n\u001b[0;32m      8\u001b[0m \u001b[1;31m#     for i in range(0, len(dfTest)):\u001b[0m\u001b[1;33m\u001b[0m\u001b[1;33m\u001b[0m\u001b[0m\n\u001b[0;32m      9\u001b[0m \u001b[1;31m#         probability = np.dot(w)\u001b[0m\u001b[1;33m\u001b[0m\u001b[1;33m\u001b[0m\u001b[0m\n\u001b[1;32m---> 10\u001b[1;33m \u001b[0mtestData\u001b[0m\u001b[1;33m(\u001b[0m\u001b[1;33m)\u001b[0m\u001b[1;33m\u001b[0m\u001b[0m\n\u001b[0m",
      "\u001b[1;32m<ipython-input-57-33e11fd0dac3>\u001b[0m in \u001b[0;36mtestData\u001b[1;34m()\u001b[0m\n\u001b[0;32m      1\u001b[0m \u001b[1;32mdef\u001b[0m \u001b[0mtestData\u001b[0m\u001b[1;33m(\u001b[0m\u001b[1;33m)\u001b[0m\u001b[1;33m:\u001b[0m\u001b[1;33m\u001b[0m\u001b[0m\n\u001b[1;32m----> 2\u001b[1;33m     \u001b[0mw\u001b[0m\u001b[1;33m,\u001b[0m \u001b[0mw0\u001b[0m \u001b[1;33m=\u001b[0m \u001b[0mlinearDecisionBoundary\u001b[0m\u001b[1;33m(\u001b[0m\u001b[1;33m)\u001b[0m\u001b[1;33m\u001b[0m\u001b[0m\n\u001b[0m\u001b[0;32m      3\u001b[0m     \u001b[0mdfTest\u001b[0m \u001b[1;33m=\u001b[0m \u001b[0mreadCsv\u001b[0m\u001b[1;33m(\u001b[0m\u001b[1;34m'1_test.csv'\u001b[0m\u001b[1;33m)\u001b[0m\u001b[1;33m\u001b[0m\u001b[0m\n\u001b[0;32m      4\u001b[0m     \u001b[0mX\u001b[0m \u001b[1;33m=\u001b[0m \u001b[0mdfTest\u001b[0m\u001b[1;33m[\u001b[0m\u001b[1;36m20\u001b[0m\u001b[1;33m]\u001b[0m\u001b[1;33m.\u001b[0m\u001b[0mas_matrix\u001b[0m\u001b[1;33m(\u001b[0m\u001b[1;33m)\u001b[0m\u001b[1;33m\u001b[0m\u001b[0m\n\u001b[0;32m      5\u001b[0m     \u001b[0mdfTest\u001b[0m \u001b[1;33m=\u001b[0m \u001b[0mdfTest\u001b[0m\u001b[1;33m.\u001b[0m\u001b[0miloc\u001b[0m\u001b[1;33m[\u001b[0m\u001b[1;33m:\u001b[0m\u001b[1;33m,\u001b[0m\u001b[1;36m0\u001b[0m\u001b[1;33m:\u001b[0m\u001b[1;36m20\u001b[0m\u001b[1;33m]\u001b[0m\u001b[1;33m\u001b[0m\u001b[0m\n",
      "\u001b[1;31mTypeError\u001b[0m: 'NoneType' object is not iterable"
     ]
    }
   ],
   "source": [
    "def testData():\n",
    "    w, w0 = linearDecisionBoundary()\n",
    "    dfTest = readCsv('1_test.csv')\n",
    "    X = dfTest[20].as_matrix()\n",
    "    dfTest = dfTest.iloc[:,0:20]\n",
    "    classifier = 0\n",
    "    print(w0)\n",
    "#     for i in range(0, len(dfTest)):\n",
    "#         probability = np.dot(w)\n",
    "testData()"
   ]
  },
  {
   "cell_type": "code",
   "execution_count": null,
   "metadata": {
    "collapsed": true
   },
   "outputs": [],
   "source": []
  }
 ],
 "metadata": {
  "kernelspec": {
   "display_name": "Python 3",
   "language": "python",
   "name": "python3"
  },
  "language_info": {
   "codemirror_mode": {
    "name": "ipython",
    "version": 3
   },
   "file_extension": ".py",
   "mimetype": "text/x-python",
   "name": "python",
   "nbconvert_exporter": "python",
   "pygments_lexer": "ipython3",
   "version": "3.6.3"
  }
 },
 "nbformat": 4,
 "nbformat_minor": 2
}
